0
0
0
0
0
0
0
0
0
0
0
0
0
0
0
0
0
0
0
0
0
0.194444444444444
0.583333333333333
2.55555555555556
4.33333333333333
5.50000000000000
5.50000000000000
6.30555555555556
7.08333333333333
8.27777777777778
9.44444444444445
10.2500000000000
10.6388888888889
11.2222222222222
12
12.8055555555556
12.8055555555556
12.8055555555556
12.3888888888889
12.8055555555556
13.3888888888889
13.5833333333333
13.3888888888889
13.0000000000000
12.3888888888889
11.8055555555556
11.6111111111111
11.4166666666667
11.0277777777778
10.0277777777778
9.63888888888889
9.63888888888889
10.2500000000000
10.0277777777778
10.0277777777778
9.63888888888889
9.05555555555556
8.08333333333333
6.69444444444445
5.72222222222222
4.33333333333333
3.13888888888889
2.55555555555556
2.55555555555556
2.55555555555556
2.75000000000000
2.94444444444444
3.33333333333333
3.13888888888889
2.16666666666667
0.388888888888889
0
0
0
0
0
0
0
0
0
0
0
0
0
0
0
0
0
0
0
0
0
0
0.194444444444444
0.583333333333333
2.55555555555556
4.33333333333333
5.50000000000000
5.50000000000000
6.30555555555556
7.08333333333333
8.27777777777778
9.44444444444445
10.2500000000000
10.6388888888889
11.2222222222222
12
12.8055555555556
12.8055555555556
12.8055555555556
12.3888888888889
12.8055555555556
13.3888888888889
13.5833333333333
13.3888888888889
13.0000000000000
12.3888888888889
11.8055555555556
11.6111111111111
11.4166666666667
11.0277777777778
10.0277777777778
9.63888888888889
9.63888888888889
10.2500000000000
10.0277777777778
10.0277777777778
9.63888888888889
9.05555555555556
8.08333333333333
6.69444444444445
5.72222222222222
4.33333333333333
3.13888888888889
2.55555555555556
2.55555555555556
2.55555555555556
2.75000000000000
2.94444444444444
3.33333333333333
3.13888888888889
2.16666666666667
0.388888888888889
0
0
0
0
0
0
0
0
0
0
0.194444444444444
0.416666666666667
1.22222222222222
1.63888888888889
2.02777777777778
2.63888888888889
2.25000000000000
1.02777777777778
0.805555555555556
1.22222222222222
0.194444444444444
0
0
0.611111111111111
0.611111111111111
0.805555555555556
2.02777777777778
1.63888888888889
2.02777777777778
2.44444444444444
3.05555555555556
4.27777777777778
3.86111111111111
3.25000000000000
3.05555555555556
1.41666666666667
0
0
0
0
0
0
0
0
0
0
0
0
0
0
0
0
0
0
0
0
0
0
0
0
0
0
0
0
0
0.194444444444444
3.05555555555556
3.66666666666667
3.86111111111111
4.08333333333333
4.27777777777778
4.69444444444444
4.47222222222222
4.27777777777778
3.86111111111111
3.66666666666667
3.66666666666667
4.27777777777778
4.69444444444444
4.47222222222222
4.08333333333333
3.66666666666667
3.86111111111111
4.08333333333333
5.08333333333333
6.11111111111111
8.36111111111111
8.97222222222222
8.97222222222222
10.5833333333333
10.5833333333333
10.5833333333333
10.5833333333333
10.8055555555556
11
11.1944444444444
11.1944444444444
11.4166666666667
12.0277777777778
12.4166666666667
12.6388888888889
12.2222222222222
12.2222222222222
12.0277777777778
11.6111111111111
10.8055555555556
9.58333333333333
9.16666666666667
9.36111111111111
10.1944444444444
10.3888888888889
11.1944444444444
11.4166666666667
11.4166666666667
10.8055555555556
10.3888888888889
9.97222222222222
9.58333333333333
8.97222222222222
8.55555555555556
7.75000000000000
7.33333333333333
6.72222222222222
6.52777777777778
6.30555555555556
5.91666666666667
5.30555555555556
4.69444444444444
3.05555555555556
1.83333333333333
1.41666666666667
1.22222222222222
0.611111111111111
0
0
0
0.611111111111111
1.41666666666667
3.86111111111111
6.30555555555556
7.52777777777778
7.52777777777778
6.30555555555556
5.08333333333333
3.25000000000000
2.44444444444444
1.83333333333333
1.02777777777778
0.805555555555556
1.22222222222222
3.05555555555556
3.25000000000000
3.25000000000000
3.05555555555556
2.44444444444444
1.83333333333333
2.02777777777778
1.63888888888889
1.22222222222222
0.611111111111111
0.194444444444444
0
0
0
0
0
0
0
0.555555555555556
1.91666666666667
3
3.41666666666667
3.97222222222222
5.47222222222222
5.88888888888889
6.58333333333333
7.80555555555556
8.61111111111111
8.75000000000000
9.16666666666667
9.44444444444445
8.61111111111111
6.69444444444445
4.38888888888889
3
1.77777777777778
0.694444444444444
0.416666666666667
0
0
0.138888888888889
1.77777777777778
3.83333333333333
5.33333333333333
5.33333333333333
5.88888888888889
6.30555555555556
6.97222222222222
7.94444444444445
9.30555555555556
10.2777777777778
10.5277777777778
11.3611111111111
12.3333333333333
13.1388888888889
14.1111111111111
14.5000000000000
14.2500000000000
13.5555555555556
13.5555555555556
14.1111111111111
14.1111111111111
13.1388888888889
11.2222222222222
8.08333333333333
6.58333333333333
6.97222222222222
7.52777777777778
8.08333333333333
9.30555555555556
10.1388888888889
10.8055555555556
11.6388888888889
12.4444444444444
13.2777777777778
14.1111111111111
14.7777777777778
15.1944444444444
15.0555555555556
15.1944444444444
15.3333333333333
15.7500000000000
15.8888888888889
15.8888888888889
16.0277777777778
15.8888888888889
15.8888888888889
15.7500000000000
15.7500000000000
15.6111111111111
15.1944444444444
15.1944444444444
14.5000000000000
13.5555555555556
12.1944444444444
12.0555555555556
12.3333333333333
12.0555555555556
10.6666666666667
9.58333333333333
9.30555555555556
9.44444444444445
10.4166666666667
11.6388888888889
12.7222222222222
13.6944444444444
13.4166666666667
12.8611111111111
12.0555555555556
10.8055555555556
9.30555555555556
8.88888888888889
9.16666666666667
9.44444444444445
9.44444444444445
9.30555555555556
9.16666666666667
9.16666666666667
9.16666666666667
9.30555555555556
9.72222222222222
9.86111111111111
10
10.2777777777778
10.2777777777778
10.4166666666667
10.4166666666667
10.6666666666667
10.8055555555556
10.6666666666667
10.6666666666667
11.2222222222222
11.7777777777778
11.9166666666667
11.7777777777778
11.5000000000000
10.8055555555556
8.50000000000000
5.47222222222222
3.83333333333333
3.41666666666667
3
1.22222222222222
0.138888888888889
0
0
0
0
0
0
0
0.194444444444444
1
1.61111111111111
2.41666666666667
4.41666666666667
5.83333333333333
7.41666666666667
9.02777777777778
9.63888888888889
10.2500000000000
10.8333333333333
11.4444444444444
12.0555555555556
12.6388888888889
13.0555555555556
13.4444444444444
13.4444444444444
13.4444444444444
13.2500000000000
13.2500000000000
13.0555555555556
13.2500000000000
13.4444444444444
13.6666666666667
13.6666666666667
13.6666666666667
13.6666666666667
12.2500000000000
10.0277777777778
9.44444444444445
8.63888888888889
8.44444444444445
8.83333333333333
9.02777777777778
9.25000000000000
8.83333333333333
8.63888888888889
8.02777777777778
5.02777777777778
4.41666666666667
5.02777777777778
6.41666666666667
7.63888888888889
9.25000000000000
10.2500000000000
11.4444444444444
12.2500000000000
12.8611111111111
12.8611111111111
12.8611111111111
12.2500000000000
11.4444444444444
9.83333333333333
7.41666666666667
4.41666666666667
1.80555555555556
1
0.194444444444444
0
0
0
0
0
0
0
0
0
0
0
0
0
0
0
0
0
0
0
0
0
0
0
0
0
0
0
0
0
0.555555555555556
2.36111111111111
3.72222222222222
4.13888888888889
5.66666666666667
7.58333333333333
9.38888888888889
11.0555555555556
12.4166666666667
12.5555555555556
12.8333333333333
11.7500000000000
10.7777777777778
10.9166666666667
12.0277777777778
12.8333333333333
12.8333333333333
12.0277777777778
10.6388888888889
8.13888888888889
7.19444444444444
7.33333333333333
8.69444444444445
10.2222222222222
11.4722222222222
11.8888888888889
11.6111111111111
10.7777777777778
9.25000000000000
7.05555555555556
5.11111111111111
4
1.80555555555556
0.138888888888889
0
0
0
0
0
0
0
0
0
0
0
0
0
1.47222222222222
2.55555555555556
3.05555555555556
3.52777777777778
3.27777777777778
2.44444444444444
2.08333333333333
2.19444444444444
2.30555555555556
2.55555555555556
2.91666666666667
2.66666666666667
2.44444444444444
2.44444444444444
1.83333333333333
0.722222222222222
0.111111111111111
0
0
0
0
0
0
0
0
0
0
0
0
0
0
0
0
0
0
0
0
0
0
0
0
0
0
0.861111111111111
2.19444444444444
3.66666666666667
3.66666666666667
2.08333333333333
0.972222222222222
0.361111111111111
0
0
0
0
0.500000000000000
2.66666666666667
4.75000000000000
5.97222222222222
6.69444444444445
7.05555555555556
6.33333333333333
5.11111111111111
3.41666666666667
1.83333333333333
0.361111111111111
0
0
0
0
0
0
0
0
0
0
0
0
0
0
0
0
0
0
0
0
0
0
0
0
0
0
0
0
0
0
0
0
0
0
0
0
0
0
0
0
0
0
0
0
0
0
0
0
0
0
0
0
0
0
0
0
0
0
0
0
0
0
0.111111111111111
1.22222222222222
2.66666666666667
4.63888888888889
5.11111111111111
5.61111111111111
6.44444444444444
7.41666666666667
8.52777777777778
8.77777777777778
8.88888888888889
9.50000000000000
10
10.5833333333333
11.0833333333333
11.5833333333333
11.6944444444444
11.3333333333333
10.8333333333333
9.50000000000000
7.66666666666667
5.72222222222222
4.63888888888889
4.02777777777778
3.88888888888889
3.88888888888889
4.02777777777778
3.66666666666667
3.05555555555556
2.55555555555556
2.08333333333333
0.972222222222222
0.361111111111111
0
0
0
0
0
0
0
0
0
0
0
0
0
0
0
0
0
0
1.05555555555556
0.861111111111111
0.861111111111111
1.27777777777778
1.69444444444444
1.27777777777778
0.222222222222222
1.05555555555556
3.19444444444444
4.25000000000000
2.97222222222222
1.91666666666667
1.69444444444444
2.33333333333333
3.61111111111111
4.88888888888889
6.16666666666667
7.02777777777778
7.86111111111111
8.72222222222222
8.94444444444445
8.94444444444445
8.30555555555556
6.80555555555556
5.30555555555556
4.05555555555556
2.13888888888889
0.416666666666667
0.638888888888889
1.69444444444444
2.77777777777778
2.77777777777778
3.19444444444444
3.83333333333333
5.52777777777778
6.38888888888889
7.44444444444445
9.13888888888889
10.2222222222222
10.6388888888889
10.6388888888889
11.0555555555556
10.6388888888889
9.58333333333333
8.50000000000000
6.80555555555556
5.52777777777778
5.52777777777778
6.16666666666667
7.02777777777778
8.30555555555556
9.13888888888889
9.36111111111111
9.13888888888889
8.30555555555556
8.08333333333333
7.66666666666667
7.22222222222222
6.80555555555556
6.80555555555556
6.16666666666667
5.11111111111111
4.69444444444444
4.25000000000000
4.05555555555556
3.19444444444444
1.91666666666667
0.222222222222222
0
0
0
0
0
0
0
1.27777777777778
2.97222222222222
3.61111111111111
4.05555555555556
4.47222222222222
4.47222222222222
4.05555555555556
3.41666666666667
2.13888888888889
1.50000000000000
1.69444444444444
1.91666666666667
1.05555555555556
1.05555555555556
1.27777777777778
1.27777777777778
0.416666666666667
0
0.416666666666667
0.638888888888889
0.861111111111111
0.638888888888889
0.416666666666667
0
0
0.222222222222222
0.638888888888889
0.861111111111111
1.05555555555556
1.27777777777778
0.861111111111111
0
0.222222222222222
0.861111111111111
1.27777777777778
1.27777777777778
1.05555555555556
0.861111111111111
0.222222222222222
0
0.861111111111111
0.638888888888889
0
0
0
0
0
0
0
0
0.194444444444444
1.77777777777778
3.36111111111111
4.52777777777778
5.13888888888889
5.72222222222222
6.11111111111111
6.30555555555556
6.91666666666667
7.30555555555556
7.69444444444444
7.88888888888889
8.66666666666667
9.08333333333333
9.66666666666667
9.86111111111111
9.86111111111111
9.66666666666667
9.27777777777778
8.88888888888889
8.47222222222222
7.88888888888889
7.69444444444444
7.50000000000000
7.11111111111111
6.69444444444445
5.52777777777778
3.55555555555556
1.58333333333333
2.16666666666667
3.55555555555556
4.94444444444445
5.52777777777778
5.13888888888889
4.72222222222222
4.52777777777778
4.94444444444445
5.33333333333333
5.52777777777778
5.91666666666667
5.13888888888889
4.94444444444445
4.52777777777778
5.13888888888889
5.33333333333333
4.94444444444445
3.55555555555556
1.58333333333333
0
0
1
2.97222222222222
5.33333333333333
7.30555555555556
8.66666666666667
9.86111111111111
10.8611111111111
11.6388888888889
11.8333333333333
12.2222222222222
11.8333333333333
11.4444444444444
10.8611111111111
10.2500000000000
8.66666666666667
7.50000000000000
5.13888888888889
3.16666666666667
3.16666666666667
4.33333333333333
6.11111111111111
6.91666666666667
7.50000000000000
8.08333333333333
8.47222222222222
8.88888888888889
8.88888888888889
8.66666666666667
9.08333333333333
8.88888888888889
8.88888888888889
8.66666666666667
8.27777777777778
7.88888888888889
6.50000000000000
5.91666666666667
5.72222222222222
6.30555555555556
6.11111111111111
6.11111111111111
6.50000000000000
7.30555555555556
7.88888888888889
8.27777777777778
8.27777777777778
8.47222222222222
8.08333333333333
8.08333333333333
7.69444444444444
7.30555555555556
6.91666666666667
6.30555555555556
5.91666666666667
4.72222222222222
3.16666666666667
1.58333333333333
0.194444444444444
0
0
0
0
0
0
0
0
0
0
0
0
0.555555555555556
2.61111111111111
4.52777777777778
5.47222222222222
5.88888888888889
6.69444444444445
7.66666666666667
8.08333333333333
9.02777777777778
10.1388888888889
10.2777777777778
10.6666666666667
11.5000000000000
12.0555555555556
12.3333333333333
12.7222222222222
13.1388888888889
13.4166666666667
13.6944444444444
13.8333333333333
13.6944444444444
12.8611111111111
11.7777777777778
10.6666666666667
9.58333333333333
7.94444444444445
6.83333333333333
6.02777777777778
5.47222222222222
5.05555555555556
5.19444444444444
5.61111111111111
6.44444444444444
7.11111111111111
8.36111111111111
9.30555555555556
10.5277777777778
10.5277777777778
10.9444444444444
11.7777777777778
12.4444444444444
12.8611111111111
12.8611111111111
13.0000000000000
13.1388888888889
13.0000000000000
12.7222222222222
12.1944444444444
11.6388888888889
11.6388888888889
11.6388888888889
12.1944444444444
12.5833333333333
12.7222222222222
12.8611111111111
12.8611111111111
12.7222222222222
12.4444444444444
12.0555555555556
11.6388888888889
11.0833333333333
10.6666666666667
9.58333333333333
8.08333333333333
6.97222222222222
6.30555555555556
6.83333333333333
7.52777777777778
8.36111111111111
8.88888888888889
9.44444444444445
9.30555555555556
9.72222222222222
10.1388888888889
10
9.44444444444445
8.75000000000000
7.52777777777778
6.58333333333333
6.02777777777778
5.75000000000000
5.19444444444444
4.66666666666667
4.91666666666667
5.19444444444444
5.47222222222222
5.19444444444444
4.77777777777778
3.55555555555556
2.86111111111111
2.19444444444444
0.833333333333333
0
0
0
0
0
0
0
0
0
0
1.72222222222222
4.08333333333333
5.36111111111111
5.58333333333333
4.94444444444445
5.36111111111111
6
6.86111111111111
8.36111111111111
10.0833333333333
12.2222222222222
13.0833333333333
13.3055555555556
14.8055555555556
16.0833333333333
17.1666666666667
18.4444444444444
19.1111111111111
19.1111111111111
19.3055555555556
19.7500000000000
19.7500000000000
19.5277777777778
19.5277777777778
19.5277777777778
19.3055555555556
19.7500000000000
19.5277777777778
19.5277777777778
19.1111111111111
19.1111111111111
18.8888888888889
18.4444444444444
18.4444444444444
18.0277777777778
17.1666666666667
16.0833333333333
15.0277777777778
14.1666666666667
13.9444444444444
13.3055555555556
12.2222222222222
10.5277777777778
7.94444444444445
3.86111111111111
0.416666666666667
0
0
0
0
0
0
0
0
0.194444444444444
0.388888888888889
1
1.19444444444444
2.80555555555556
4.61111111111111
5.41666666666667
5.41666666666667
5.41666666666667
5.41666666666667
5.61111111111111
6.22222222222222
6.63888888888889
7.22222222222222
7.41666666666667
8.02777777777778
7.83333333333333
8.02777777777778
8.63888888888889
9.44444444444445
10.2500000000000
11.8611111111111
12.8611111111111
13.0555555555556
13.0555555555556
13.2500000000000
13.0555555555556
12.8611111111111
12.2500000000000
12.2500000000000
12.4444444444444
12.6388888888889
13.0555555555556
13.0555555555556
13.4444444444444
13.8611111111111
14.0555555555556
13.8611111111111
13.4444444444444
13.0555555555556
12.8611111111111
12.6388888888889
12.4444444444444
12.6388888888889
13.0555555555556
14.2500000000000
15.2500000000000
16.4722222222222
17.8611111111111
18.0833333333333
18.0833333333333
18.2777777777778
18.0833333333333
17.8611111111111
18.2777777777778
18.8888888888889
20.0833333333333
20.0833333333333
20.0833333333333
19.8888888888889
19.6666666666667
19.4722222222222
19.2777777777778
18.6666666666667
18.2777777777778
18.4722222222222
18.4722222222222
18.6666666666667
18.2777777777778
17.8611111111111
17.6666666666667
17.4722222222222
17.4722222222222
17.6666666666667
17.8611111111111
18.0833333333333
18.4722222222222
18.4722222222222
18.8888888888889
19.0833333333333
19.0833333333333
19.0833333333333
18.6666666666667
18.2777777777778
17.6666666666667
17.0555555555556
15.8611111111111
15.0555555555556
14.9166666666667
14.9166666666667
14.7222222222222
15.1111111111111
15.5277777777778
16.5277777777778
17.9444444444444
19.3611111111111
20.3611111111111
21.3611111111111
20.7777777777778
20.7777777777778
20.7777777777778
20.7777777777778
20.5555555555556
20.5555555555556
20.3611111111111
19.9722222222222
19.5555555555556
19.3611111111111
19.3611111111111
19.9722222222222
20.3611111111111
20.5555555555556
20.3611111111111
20.3611111111111
20.9722222222222
21.1666666666667
20.9722222222222
20.3611111111111
19.7500000000000
19.3611111111111
18.5555555555556
18.3333333333333
18.3333333333333
18.7500000000000
19.3611111111111
19.1666666666667
18.5555555555556
18.1388888888889
17.7500000000000
17.1388888888889
14.3055555555556
10.6944444444444
9.47222222222222
9.88888888888889
10.2777777777778
10.8888888888889
10.8888888888889
11.0833333333333
11.8888888888889
11.6944444444444
11.5000000000000
11.2777777777778
11.5000000000000
11.8888888888889
12.3055555555556
12.9166666666667
12.3055555555556
12.0833333333333
12.3055555555556
12.3055555555556
12.6944444444444
13.9166666666667
14.5277777777778
14.3055555555556
13.9166666666667
13.7222222222222
13.9166666666667
14.1111111111111
13.5000000000000
13.1111111111111
13.3055555555556
14.1111111111111
14.9166666666667
14.9166666666667
14.9166666666667
15.3333333333333
15.5277777777778
15.5277777777778
15.3333333333333
15.1111111111111
15.5277777777778
15.7222222222222
15.9166666666667
15.7222222222222
16.5277777777778
17.1388888888889
17.5277777777778
17.3333333333333
17.1388888888889
17.1388888888889
17.2777777777778
17.2777777777778
17.6944444444444
17.6944444444444
17.8333333333333
18.1111111111111
18.1111111111111
18.2500000000000
18.3888888888889
18.3888888888889
18.5277777777778
18.5277777777778
18.5277777777778
18.5277777777778
18.5277777777778
18.3888888888889
18.2500000000000
18.3888888888889
18.2500000000000
18.2500000000000
18.2500000000000
18.2500000000000
18.1111111111111
18.2500000000000
18.1111111111111
18.3888888888889
18.6666666666667
19.5000000000000
20.3333333333333
21.0555555555556
21.8888888888889
22.4444444444444
22.8611111111111
23.2777777777778
23.2777777777778
23.2777777777778
23.2777777777778
23.2777777777778
23.1388888888889
23.2777777777778
23.1388888888889
23
22.7222222222222
22.3055555555556
22.1666666666667
21.8888888888889
21.3333333333333
20.9166666666667
20.4722222222222
19.7777777777778
19.0833333333333
18.6666666666667
18.3888888888889
18.6666666666667
19.0833333333333
19.2222222222222
19.5000000000000
19.6388888888889
19.9166666666667
20.0555555555556
19.9166666666667
20.0555555555556
20.0555555555556
19.9166666666667
20.0555555555556
20.0555555555556
20.1944444444444
20.1944444444444
19.9166666666667
19.6388888888889
19.3611111111111
18.9444444444444
18.8055555555556
18.6666666666667
18.6666666666667
18.5277777777778
18.5277777777778
18.3888888888889
18.5277777777778
18.5277777777778
18.8055555555556
18.8055555555556
19.0833333333333
19.2222222222222
19.3611111111111
19.3611111111111
19.6388888888889
19.5000000000000
19.0833333333333
18.6666666666667
18.6666666666667
18.5277777777778
18.5000000000000
18.3888888888889
18.3055555555556
18.2222222222222
18.2500000000000
18.2777777777778
18.3333333333333
18.4444444444444
18.5833333333333
18.6111111111111
18.7222222222222
18.8055555555556
18.8333333333333
18.7500000000000
18.6666666666667
18.4444444444444
18.2222222222222
18.1388888888889
18.1944444444444
18.2777777777778
18.4722222222222
18.4722222222222
18.5833333333333
18.6944444444444
18.7500000000000
18.8888888888889
18.9722222222222
18.9444444444444
19
18.9444444444444
18.9444444444444
18.9166666666667
18.7777777777778
18.7222222222222
18.6666666666667
18.6666666666667
18.7222222222222
18.8055555555556
18.8055555555556
18.8055555555556
18.8055555555556
18.7777777777778
18.7777777777778
18.7777777777778
18.7777777777778
18.7777777777778
18.6944444444444
18.5000000000000
18.3611111111111
18.2222222222222
18.1388888888889
17.9444444444444
17.6666666666667
17.3055555555556
16.9722222222222
16.7222222222222
16.6388888888889
16.5000000000000
16.0833333333333
15.4166666666667
14.1388888888889
12.7222222222222
10.8055555555556
8.94444444444445
7.83333333333333
7.47222222222222
8
8.97222222222222
10.0277777777778
10.7777777777778
10.9166666666667
11.7500000000000
12.9166666666667
13.8888888888889
14.5555555555556
14.7500000000000
14.5277777777778
14.0833333333333
14.0833333333333
14.2222222222222
14.3611111111111
14.0833333333333
14.0833333333333
14.2222222222222
14.2222222222222
14.2222222222222
14.2222222222222
14.3611111111111
14.3611111111111
14.3611111111111
14.5000000000000
14.5000000000000
14.5000000000000
14.3611111111111
14.5000000000000
14.6388888888889
14.3611111111111
14.3611111111111
14.3611111111111
14.2222222222222
14.0833333333333
14.2222222222222
14.3611111111111
14.0833333333333
13.6666666666667
13.2500000000000
12.8333333333333
12.5555555555556
12.6944444444444
12.8333333333333
12.6944444444444
12.8333333333333
12.8333333333333
12.8333333333333
12.8333333333333
12.4166666666667
10.8611111111111
9.19444444444445
8.36111111111111
8.08333333333333
8.36111111111111
9.19444444444445
9.75000000000000
10.3055555555556
11
11.4166666666667
11.9722222222222
12.6944444444444
12.9722222222222
13.2500000000000
13.1111111111111
13.2500000000000
13.2500000000000
13.2500000000000
13.1111111111111
12.6944444444444
12.5555555555556
11.9722222222222
11.9722222222222
11.5555555555556
11.2777777777778
11.1388888888889
10.5833333333333
10.1666666666667
9.88888888888889
9.61111111111111
9.61111111111111
9.47222222222222
9.33333333333333
9.05555555555556
8.50000000000000
7.11111111111111
5.30555555555556
3.61111111111111
2.50000000000000
1.52777777777778
1.52777777777778
2.50000000000000
3.61111111111111
4.33333333333333
4.02777777777778
3.47222222222222
2.50000000000000
2.22222222222222
2.22222222222222
2.50000000000000
1.38888888888889
0.555555555555556
0.138888888888889
0.138888888888889
0
0
0
0
0
0.277777777777778
2.19444444444444
3.83333333333333
4.77777777777778
5.61111111111111
6.30555555555556
7.25000000000000
8.08333333333333
8.88888888888889
9.86111111111111
10.4166666666667
10.5277777777778
10.5277777777778
10.6666666666667
10.9444444444444
11.3611111111111
11.9166666666667
12.4444444444444
13.0000000000000
13.5555555555556
13.6944444444444
13.9722222222222
13.9722222222222
13.8333333333333
14.2500000000000
14.6388888888889
14.6388888888889
15.1944444444444
15.6111111111111
15.7500000000000
15.6111111111111
15.4722222222222
15.0555555555556
15.1944444444444
15.3333333333333
15.3333333333333
15.4722222222222
15.3333333333333
15.1944444444444
15.1944444444444
14.9166666666667
14.6388888888889
14.6388888888889
14.9166666666667
14.9166666666667
15.0555555555556
15.3333333333333
15.7500000000000
16.0277777777778
16.0277777777778
16.1666666666667
16.4166666666667
16.6944444444444
17.1111111111111
17.2500000000000
17.5277777777778
18.0555555555556
18.1944444444444
18.1944444444444
18.6111111111111
18.8888888888889
19.0277777777778
19.0277777777778
18.4722222222222
18.0555555555556
17.5277777777778
16.9722222222222
16.6944444444444
16.2777777777778
15.8888888888889
15.6111111111111
15.7500000000000
16.0277777777778
16.0277777777778
16.1666666666667
16.4166666666667
16.5555555555556
16.4166666666667
16.4166666666667
16.0277777777778
15.7500000000000
15.7500000000000
15.6111111111111
15.4722222222222
15.0555555555556
15
15
15
15.0277777777778
14.9166666666667
15
14.9444444444444
14.6944444444444
14.4444444444444
14.9166666666667
15.7500000000000
16.5555555555556
17.6666666666667
18.4166666666667
18.8055555555556
19.6111111111111
20.4166666666667
21.1666666666667
21.9722222222222
22.6111111111111
23.3333333333333
24.1944444444444
24.4166666666667
24.2500000000000
24.1944444444444
24.3333333333333
24.3055555555556
24.1388888888889
24.0833333333333
23.7500000000000
23.4166666666667
23.0277777777778
22.5833333333333
22.1111111111111
21.7222222222222
21.4444444444444
21.5000000000000
21.6666666666667
21.8611111111111
22.1666666666667
22
21.5000000000000
20.9444444444444
20.3888888888889
19.6666666666667
19.0555555555556
18.3888888888889
17.0833333333333
15
12.4722222222222
10.8888888888889
10.8333333333333
11.3055555555556
12.0277777777778
12.4444444444444
12.8888888888889
12.8055555555556
12.5277777777778
12.4444444444444
13.1111111111111
13.8611111111111
14.4722222222222
15.0555555555556
15.1944444444444
15.6944444444444
16.5555555555556
17.1111111111111
16.9444444444444
16.9166666666667
17.4722222222222
17.9166666666667
18.4166666666667
19.0833333333333
19.7222222222222
20.5555555555556
21.4722222222222
22.3888888888889
23.2222222222222
24.1388888888889
24.5000000000000
24.5833333333333
25.0833333333333
25.6388888888889
25.8888888888889
26.0000000000000
26.0555555555556
26.0000000000000
25.7500000000000
25.4166666666667
24.9444444444444
24.5833333333333
24.5277777777778
23.8611111111111
23.8611111111111
23.8611111111111
23.8611111111111
24.0555555555556
24.4722222222222
24.8888888888889
25.5277777777778
25.9444444444444
25.7222222222222
25.9444444444444
25.7222222222222
25.7222222222222
25.5277777777778
25.7222222222222
25.9444444444444
25.9444444444444
25.9444444444444
25.7222222222222
24.8888888888889
24.4722222222222
23.6388888888889
23.2222222222222
22.5833333333333
21.7500000000000
21.5555555555556
19.8611111111111
18.6111111111111
17.3611111111111
16.7222222222222
15.8888888888889
15.6944444444444
15.8888888888889
15.8888888888889
15.4722222222222
15.0555555555556
14.8611111111111
15.2777777777778
15.8888888888889
16.5277777777778
16.5277777777778
16.7222222222222
17.1666666666667
17.5833333333333
18.1944444444444
18.6111111111111
19.0277777777778
19.6666666666667
20.3055555555556
20.3055555555556
20.7222222222222
21.5555555555556
22.5833333333333
23.2222222222222
23.8611111111111
24.6944444444444
25.5277777777778
26.1388888888889
26.7777777777778
27.4166666666667
28.0277777777778
28.6666666666667
29.0833333333333
29.5000000000000
29.9166666666667
30.1111111111111
30.1111111111111
30.3333333333333
30.5555555555556
30.3333333333333
30.3333333333333
30.5555555555556
30.7500000000000
30.5555555555556
30.7500000000000
30.7500000000000
30.9722222222222
30.7500000000000
30.9722222222222
30.7500000000000
30.5555555555556
30.5555555555556
30.1111111111111
29.6944444444444
29.5000000000000
29.2777777777778
28.8611111111111
29
29
29
29
29
28.8055555555556
28.8055555555556
28.6388888888889
28.4444444444444
27.8611111111111
27.6666666666667
27.2777777777778
27.2777777777778
27.2777777777778
26.8888888888889
26.6944444444444
26.6944444444444
26.5000000000000
26.3055555555556
26.1111111111111
26.1111111111111
25.9166666666667
25.9166666666667
25.5277777777778
25.1388888888889
24.5555555555556
23.9722222222222
23.4166666666667
23.4166666666667
23.4166666666667
23.4166666666667
23.4166666666667
23.5833333333333
23.5833333333333
23.2222222222222
23.2222222222222
23.4166666666667
23.4166666666667
23.5833333333333
23.7777777777778
23.9722222222222
23.9722222222222
23.5833333333333
23.0277777777778
23.2222222222222
23.4166666666667
23.2222222222222
23.0277777777778
23.4166666666667
23.7777777777778
24.1666666666667
24.5555555555556
24.5555555555556
24.7500000000000
24.9444444444444
24.9444444444444
25.1388888888889
24.7500000000000
24.7500000000000
24.5555555555556
23.7777777777778
23.2222222222222
23.0277777777778
22.8333333333333
22.6388888888889
22.6388888888889
22.6388888888889
22.2500000000000
22.0555555555556
22.0555555555556
21.8611111111111
21.4722222222222
21.6666666666667
21.6666666666667
21.8611111111111
21.8611111111111
22.2500000000000
22.4444444444444
22.2500000000000
22.2500000000000
22.2500000000000
22.4444444444444
22.2500000000000
22.0555555555556
22.2500000000000
21.8611111111111
22.2500000000000
22.0555555555556
22.0555555555556
22.2500000000000
22.2500000000000
22.2500000000000
22.3888888888889
22.3888888888889
22.1944444444444
22.1944444444444
22.3888888888889
22.3888888888889
23
23.1944444444444
23.6111111111111
23.8055555555556
23.8055555555556
24
24
24
23.6111111111111
23.3888888888889
23.1944444444444
22.8055555555556
22.8055555555556
22.6111111111111
22.3888888888889
22.3888888888889
22.1944444444444
22.1944444444444
22
21.8055555555556
21.8055555555556
21.8055555555556
21.6111111111111
21.1944444444444
20.6111111111111
19.6111111111111
19.3888888888889
19.1944444444444
17.6111111111111
15.8055555555556
13.0000000000000
11.3888888888889
9.61111111111111
9
9.80555555555556
10.6111111111111
11.8055555555556
12.8055555555556
13.8055555555556
14.6111111111111
15.3888888888889
15.6111111111111
15.8055555555556
16.1944444444444
16.1944444444444
16.3888888888889
16.8055555555556
17
16.8055555555556
16.8055555555556
16
15.6111111111111
15.6111111111111
15.1944444444444
15.8055555555556
16
16.6111111111111
16.6111111111111
16.1944444444444
16.1944444444444
16
15.6111111111111
15
13.6111111111111
12.6111111111111
12.1944444444444
11.8055555555556
11
11
11.1944444444444
11.1944444444444
11.1944444444444
11.3888888888889
12.6111111111111
13.1944444444444
14
14.1944444444444
14.6111111111111
15
14.8055555555556
14.3888888888889
13.8055555555556
13.8055555555556
13.3888888888889
12.8055555555556
11.1944444444444
8.80555555555556
6.19444444444445
5.19444444444444
4
3
3.19444444444444
4
5.19444444444444
7.38888888888889
9.19444444444445
10.6111111111111
10.8055555555556
10.6111111111111
9.80555555555556
8.80555555555556
6.38888888888889
3.61111111111111
2.19444444444444
1.19444444444444
0.805555555555556
0.194444444444444
0
0
0
0
0