0
0
0
0
0
0
0
0
0
0
1.35000000000000
2.65500000000000
3.87000000000000
5.17500000000000
6.43500000000000
7.60500000000000
7.78500000000000
8.14500000000000
9.31500000000000
9.76500000000000
10.0800000000000
10.1250000000000
9.94500000000000
9.67500000000000
9.40500000000000
9.18000000000000
8.91000000000000
7.65000000000000
6.70500000000000
6.70500000000000
6.84000000000000
6.97500000000000
7.20000000000000
7.69500000000000
8.59500000000000
9.49500000000000
10.2150000000000
10.3050000000000
10.2150000000000
10.1700000000000
9.58500000000000
8.55000000000000
7.69500000000000
7.11000000000000
7.11000000000000
7.96500000000000
8.91000000000000
9.72000000000000
10.4400000000000
10.8900000000000
11.0700000000000
11.2050000000000
11.2500000000000
11.0700000000000
11.0250000000000
11.1150000000000
11.1600000000000
11.1150000000000
11.0700000000000
11.0700000000000
11.2950000000000
11.5200000000000
11.5650000000000
11.4300000000000
11.2050000000000
11.2500000000000
11.4300000000000
11.7000000000000
11.7000000000000
11.5650000000000
11.7450000000000
12.0150000000000
12.3750000000000
12.8700000000000
13.1850000000000
13.4100000000000
13.5450000000000
13.6800000000000
13.8150000000000
13.8150000000000
13.7250000000000
13.6800000000000
13.6350000000000
13.6800000000000
13.8600000000000
13.6800000000000
13.4550000000000
13.2750000000000
13.4100000000000
13.6350000000000
13.8150000000000
13.9050000000000
13.9500000000000
13.9050000000000
13.6800000000000
13.4100000000000
13.4550000000000
13.5900000000000
13.8150000000000
14.0400000000000
14.3100000000000
14.4900000000000
14.5800000000000
14.4900000000000
14.2650000000000
12.8700000000000
11.3850000000000
9.90000000000000
8.41500000000000
6.93000000000000
5.44500000000000
3.96000000000000
2.47500000000000
0.990000000000000
0
0
0
0
0.991111111111113
2.85111111111111
4.09111111111111
3.47111111111111
0.991111111111113
0
0
0
0
0
2.23111111111111
4.09111111111111
4.71111111111111
5.02111111111111
4.71111111111111
4.71111111111111
5.95111111111111
8.43111111111111
8.43111111111111
10.2911111111111
10.9111111111111
9.67111111111111
8.43111111111111
4.71111111111111
0.371111111111111
0
0
0
0
0
0
0
0
0
0
0.260782000000000
1.85550000000000
4.03909000000000
6.24117000000000
7.98290000000000
9.34821000000000
10.5100000000000
11.6017000000000
12.2805000000000
12.5168000000000
12.6793000000000
12.7203000000000
12.7782000000000
12.7797000000000
12.8273000000000
12.8858000000000
12.8677000000000
12.9215000000000
12.9677000000000
12.9583000000000
12.8910000000000
12.8724000000000
12.5885000000000
11.3732000000000
9.98855000000000
8.57417000000000
6.25816000000000
4.11573000000000
2.04500000000000
0.244602000000000
0.0369767000000000
0.00815842000000000
0.00205078000000000
0
0
0
0
0
0
0.00207227000000000
0.990000000000000
0
0
0
0
0
0
0
0
0
0
0
0
0
0
0
0
0
0
0
0
0
0
0
0
0
0
0
0
0
0
0
0
0
0
0.700000000000000
1.37750000000000
2.01000000000000
2.68750000000000
3.34250000000000
3.95250000000000
4.06750000000000
4.27250000000000
4.88250000000000
5.13250000000000
5.31500000000000
5.36250000000000
5.29750000000000
5.18750000000000
5.07750000000000
4.99000000000000
4.88000000000000
4.27500000000000
3.82750000000000
3.85250000000000
3.94500000000000
4.03750000000000
4.17500000000000
4.44750000000000
4.92250000000000
5.39750000000000
5.78250000000000
5.85250000000000
5.83250000000000
5.83500000000000
5.56750000000000
5.07500000000000
4.67250000000000
4.40500000000000
4.43000000000000
4.88250000000000
5.38000000000000
5.81000000000000
6.19500000000000
6.44500000000000
6.56000000000000
6.65250000000000
6.70000000000000
6.63500000000000
6.63750000000000
6.70750000000000
6.75500000000000
6.75750000000000
6.76000000000000
6.78500000000000
6.92250000000000
7.06000000000000
7.10750000000000
7.06500000000000
6.97750000000000
7.02500000000000
7.14000000000000
7.30000000000000
7.32500000000000
7.28250000000000
7.39750000000000
7.55750000000000
7.76250000000000
8.03500000000000
8.21750000000000
8.35500000000000
8.44750000000000
8.54000000000000
8.63250000000000
8.65750000000000
8.63750000000000
8.64000000000000
8.64250000000000
8.69000000000000
8.80500000000000
8.74000000000000
8.65250000000000
8.58750000000000
8.68000000000000
8.81750000000000
8.93250000000000
9.00250000000000
9.05000000000000
9.05250000000000
8.96500000000000
8.85500000000000
8.90250000000000
8.99500000000000
9.13250000000000
9.27000000000000
9.43000000000000
9.54500000000000
9.61500000000000
9.59500000000000
9.50750000000000
8.83500000000000
8.11750000000000
7.40000000000000
6.68250000000000
5.96500000000000
5.24750000000000
4.53000000000000
3.81250000000000
3.095000000000000
0
0
0
0
0
0
0
0
0
0
0
0
0
0
0
0
0
0
0
0
0
0
0
0
0
0
0
0
0
0
0
0
0.0988030000000000
0.832795000000000
1.97844000000000
3.06125000000000
3.90733500000000
4.48658000000000
5.08905000000000
5.85900000000000
6.66435000000000
7.60845000000000
8.51740000000000
9.50445000000000
10.2166666666667
10.2333333333333
10.2500000000000
10.2666666666667
10.2833333333333
10.3000000000000
10.3166666666667
10.3333333333333
10.3500000000000
10.3666666666667
10.3833333333333
10.4000000000000
10.4166666666667
10.4333333333333
10.4500000000000
10.4666666666667
10.4833333333333
10.5000000000000
10.5166666666667
10.5333333333333
10.5500000000000
9.89250000000000
9.26380000000000
8.95630000000000
8.57690000000000
7.61725000000000
6.99860000000000
6.44030000000000
6.32210000000000
6.34580000000000
6.71485000000000
7.27255000000000
7.74795000000000
8.27475000000000
8.71365000000000
9.22885000000000
9.85060000000000
10.8333333333333
10.8500000000000
10.8666666666667
10.8833333333333
10.9000000000000
10.9166666666667
10.9333333333333
10.9500000000000
10.9666666666667
9.62255000000000
9.08010000000000
8.33595000000000
7.60060000000000
6.91495000000000
6.28590000000000
5.53910000000000
4.71255000000000
4.02579000000000
3.28023000000000
2.05663500000000
0.517305000000000
0.0411141000000000
0.0113255000000000
0.00204077000000000
0.00105286500000000
0
0
0
0
0
0
0
0
0
0
0
0
0
0
0
0
0
0
0.371111111111111
0
0
0.371111111111111
2.85111111111111
4.71111111111111
6.57111111111111
9.05111111111111
10.9111111111111
10.9111111111111
10.9111111111111
10.9111111111111
10.9111111111111
10.9111111111111
10.9111111111111
9.05111111111111
5.95111111111111
2.85111111111111
0.371111111111111
0
0
0
0
0
0
0
0
0
0
0
0
0
0
0
0
1.61111111111111
4.09111111111111
4.71111111111111
5.33111111111111
5.33111111111111
5.33111111111111
5.33111111111111
5.33111111111111
5.33111111111111
5.33111111111111
5.33111111111111
5.33111111111111
4.71111111111111
4.09111111111111
3.47111111111111
2.85111111111111
2.23111111111111
1.61111111111111
0.991111111111113
0.371111111111111
0.371111111111111
2.23111111111111
4.71111111111111
6.57111111111111
7.81111111111111
7.81111111111111
7.81111111111111
9.05111111111111
10.2911111111111
10.9111111111111
10.9111111111111
10.9111111111111
10.9111111111111
10.9111111111111
10.9111111111111
10.9111111111111
10.9111111111111
10.9111111111111
10.9111111111111
10.9111111111111
10.9111111111111
10.9111111111111
10.9111111111111
10.9111111111111
10.9111111111111
10.9111111111111
11.5311111111111
11.5311111111111
11.5311111111111
11.5311111111111
11.5311111111111
10.9111111111111
10.2911111111111
9.67111111111111
9.05111111111111
8.43111111111111
7.81111111111111
7.19111111111111
5.95111111111111
4.71111111111111
2.85111111111111
0.991111111111113
0
0
0
0
0
0
0
0
0
0
0
0
0
0
0
0
2.85111111111111
0
0.991111111111113
2.23111111111111
3.47111111111111
4.71111111111111
5.95111111111111
7.19111111111111
8.43111111111111
9.67111111111111
9.67111111111111
9.67111111111111
9.67111111111111
9.67111111111111
9.05111111111111
7.81111111111111
6.57111111111111
5.33111111111111
5.33111111111111
5.33111111111111
5.33111111111111
5.33111111111111
4.71111111111111
2.85111111111111
0.991111111111113
0
0
0
0
0
0
0
0
0
0
0
0
0
0
0
0
0
0
0
0
0
0.991111111111113
3.47111111111111
5.33111111111111
6.57111111111111
7.81111111111111
9.05111111111111
10.2911111111111
10.2911111111111
10.2911111111111
10.2911111111111
10.2911111111111
10.2911111111111
10.2911111111111
10.2911111111111
10.2911111111111
10.9111111111111
10.9111111111111
10.9111111111111
10.9111111111111
11.5311111111111
12.7711111111111
14.0111111111111
15.2511111111111
16.4911111111111
17.1111111111111
17.1111111111111
17.1111111111111
17.1111111111111
17.1111111111111
17.1111111111111
17.7311111111111
17.7311111111111
17.1111111111111
16.4911111111111
14.6311111111111
12.7711111111111
10.2911111111111
7.19111111111111
3.47111111111111
0.371111111111111
0
0
0
0
0
0
0
0
0
0.371111111111111
2.23111111111111
3.47111111111111
4.71111111111111
4.71111111111111
2.23111111111111
0
0
0
0
0.371111111111111
1.61111111111111
2.85111111111111
4.71111111111111
6.57111111111111
8.43111111111111
9.67111111111111
10.2911111111111
10.9111111111111
10.9111111111111
10.9111111111111
10.9111111111111
10.9111111111111
10.2911111111111
10.2911111111111
10.2911111111111
10.2911111111111
8.43111111111111
5.95111111111111
3.47111111111111
0.991111111111113
0
0
0
0
0
0
1.61111111111111
2.85111111111111
4.09111111111111
5.33111111111111
6.57111111111111
6.57111111111111
7.81111111111111
7.81111111111111
9.05111111111111
10.9111111111111
10.9111111111111
10.9111111111111
10.9111111111111
10.9111111111111
10.9111111111111
10.9111111111111
10.9111111111111
10.9111111111111
9.67111111111111
8.43111111111111
7.19111111111111
5.95111111111111
5.95111111111111
5.95111111111111
5.95111111111111
5.95111111111111
5.33111111111111
4.09111111111111
2.23111111111111
0.371111111111111
0
0
0
0
0
0
0
0
0
0
0
0
0
0
0
0
0
0
0
0
0
0
0
0
0
0
0
0
0
0
0
0
0
0
0
0
0
0
0
0
0.371111111111111
0.991111111111113
1.61111111111111
3.47111111111111
5.33111111111111
7.19111111111111
9.05111111111111
9.67111111111111
8.43111111111111
7.19111111111111
5.95111111111111
3.47111111111111
2.23111111111111
0.991111111111113
0
0

0.630000000000000
1.48500000000000
1.98000000000000
2.92500000000000
4.14000000000000
5.08500000000000
6.07500000000000
6.57000000000000
7.38000000000000
7.51500000000000
7.42500000000000
7.42500000000000
8.19000000000000
8.64000000000000
9.04500000000000
9.67500000000000
10.1250000000000
10.1250000000000
9.94500000000000
10.2150000000000
10.4850000000000
10.5750000000000
10.1250000000000
9.72000000000000
9.22500000000000
8.10000000000000
6.75000000000000
5.40000000000000
4.05000000000000
2.79000000000000
2.02500000000000
1.35000000000000
0.945000000000000
0.225000000000000
0.225000000000000
1.44000000000000
2.92500000000000
4.32000000000000
5.62500000000000
6.30000000000000
7.20000000000000
8.10000000000000
8.82000000000000
9.67500000000000
10.3950000000000
11.0250000000000
11.4750000000000
11.9250000000000
12.1950000000000
12.4200000000000
12.5550000000000
12.7350000000000
12.8700000000000
12.8700000000000
12.7350000000000
12.6900000000000
12.6000000000000
12.3750000000000
12.0600000000000
11.4750000000000
10.5750000000000
9.67500000000000
8.55000000000000
7.42500000000000
6.70500000000000
5.62500000000000
4.23000000000000
2.79000000000000
1.35000000000000
0.675000000000000
0.675000000000000
0.225000000000000
0
0.742500000000000
1.48500000000000
2.22750000000000
2.97000000000000
3.71250000000000
4.45500000000000
4.99500000000000
5.46750000000000
5.80500000000000
5.94000000000000
5.78250000000000
5.64750000000000
5.55750000000000
5.62500000000000
5.67000000000000
5.71500000000000
5.80500000000000
6.12000000000000
5.96250000000000
5.40000000000000
5.10750000000000
4.36500000000000
3.98250000000000
3.87000000000000
4.07250000000000
4.18500000000000
4.50000000000000
4.99500000000000
5.51250000000000
6.14250000000000
6.86250000000000
7.53750000000000
8.14500000000000
8.39250000000000
8.84250000000000
9.11250000000000
9.47250000000000
9.78750000000000
10.1475000000000
10.3500000000000
10.5300000000000
10.6875000000000
10.6875000000000
10.6425000000000
10.6200000000000
10.5750000000000
10.5750000000000
10.5750000000000
10.5750000000000
10.5750000000000
10.6200000000000
10.6650000000000
10.7775000000000
10.9125000000000
11.0475000000000
11.1375000000000
11.2500000000000
11.3850000000000
11.4750000000000
11.5875000000000
11.7450000000000
11.9700000000000
12.1725000000000
12.2850000000000
12.3525000000000
12.3750000000000
12.3525000000000
12.2850000000000
12.2850000000000
12.3300000000000
12.3975000000000
12.4875000000000
12.5325000000000
12.6225000000000
12.6675000000000
12.7350000000000
12.7575000000000
12.7575000000000
12.7125000000000
12.7125000000000
12.7125000000000
12.7125000000000
12.7125000000000
12.7125000000000
12.6900000000000
12.6225000000000
12.5550000000000
12.3975000000000
12.2850000000000
12.1950000000000
12.1500000000000
12.0825000000000
12.0600000000000
12.1275000000000
12.1500000000000
12.1725000000000
12.1725000000000
12.1050000000000
12.0150000000000
11.9250000000000
11.8350000000000
11.7225000000000
11.7900000000000
11.7000000000000
11.6775000000000
11.6325000000000
11.5875000000000
11.6100000000000
11.6550000000000
11.7225000000000
11.8125000000000
11.9250000000000
12.0375000000000
12.1500000000000
12.3525000000000
12.4650000000000
12.5100000000000
12.6000000000000
12.6000000000000
12.5550000000000
12.4200000000000
12.2625000000000
12.0600000000000
11.8125000000000
11.5875000000000
11.5875000000000
11.5875000000000
11.4975000000000
11.2725000000000
11.2500000000000
11.2725000000000
11.2500000000000
11.1600000000000
11.1375000000000
11.1375000000000
11.1375000000000
11.0475000000000
10.9350000000000
10.8225000000000
10.6200000000000
10.3725000000000
10.1250000000000
9.85500000000000
9.58500000000000
9.33750000000000
9.06750000000000
8.66250000000000
8.32500000000000
7.92000000000000
7.60500000000000
7.31250000000000
7.08750000000000
6.88500000000000
6.86250000000000
6.75000000000000
6.52500000000000
6.18750000000000
5.58000000000000
4.83750000000000
4.52250000000000
4.29750000000000
4.16250000000000
3.82500000000000
3.48750000000000
2.81250000000000
2.43000000000000
1.80000000000000
1.05750000000000
0.315000000000000
0.180000000000000
0.197606000000000
0.0822282000000000
0.0226510000000000
0.00408154000000000
0.002105730000000000
0
0
0
0
0
0
0
0
0
0
0
0
0
0
0.991111111111113
2.23111111111111
3.47111111111111
4.71111111111111
5.95111111111111
7.81111111111111
6.57111111111111
5.33111111111111
4.09111111111111
0
0
0
0
0
0
0
0
0
1.61111111111111
1.61111111111111
0.371111111111111
0
0
0
0
0
0
2.23111111111111
4.71111111111111
5.95111111111111
7.19111111111111
5.33111111111111
3.47111111111111
0.991111111111113
0
0
2.23111111111111
4.09111111111111
5.95111111111111
7.19111111111111
8.43111111111111
9.05111111111111
9.67111111111111
10.2911111111111
10.9111111111111
10.9111111111111
10.9111111111111
10.9111111111111
10.9111111111111
10.9111111111111
8.43111111111111
6.57111111111111
4.71111111111111
2.85111111111111
0.991111111111113
0
0
0
0
0
0
0
0
0
0
0
0
0
0
0
0
0
0
0
0
0.676250000000000
1.33000000000000
1.93875000000000
2.59250000000000
3.22375000000000
3.81000000000000
3.90125000000000
4.08250000000000
4.66875000000000
4.89500000000000
5.05375000000000
5.07750000000000
4.98875000000000
4.85500000000000
4.72125000000000
4.61000000000000
4.47625000000000
3.84750000000000
3.37625000000000
3.37750000000000
3.44625000000000
3.51500000000000
3.62875000000000
3.87750000000000
4.32875000000000
4.78000000000000
5.14125000000000
5.18750000000000
5.14375000000000
5.12250000000000
4.83125000000000
4.31500000000000
3.88875000000000
3.59750000000000
3.59875000000000
4.02750000000000
4.50125000000000
4.90750000000000
5.26875000000000
5.49500000000000
5.58625000000000
5.65500000000000
5.67875000000000
5.59000000000000
5.56875000000000
5.61500000000000
5.63875000000000
5.61750000000000
5.59625000000000
5.59750000000000
5.71125000000000
5.82500000000000
5.84875000000000
5.78250000000000
5.67125000000000
5.69500000000000
5.78625000000000
5.92250000000000
5.92375000000000
5.85750000000000
5.94875000000000
6.08500000000000
6.26625000000000
6.51500000000000
6.67375000000000
6.78750000000000
6.85625000000000
6.92500000000000
6.99375000000000
6.99500000000000
6.95125000000000
6.93000000000000
6.90875000000000
6.93250000000000
7.02375000000000
6.93500000000000
6.82375000000000
6.73500000000000
6.80375000000000
6.91750000000000
7.00875000000000
7.05500000000000
7.07875000000000
7.05750000000000
6.94625000000000
6.81250000000000
6.83625000000000
6.90500000000000
7.01875000000000
7.13250000000000
7.26875000000000
7.36000000000000
7.40625000000000
7.36250000000000
7.25125000000000
6.55500000000000
5.81375000000000
5.07250000000000
4.33125000000000
3.59000000000000
2.84875000000000
2.10750000000000
1.36625000000000
0.625000000000000
0.371250000000000
0.742500000000000
1.11375000000000
1.48500000000000
1.85625000000000
2.22750000000000
2.49750000000000
2.73375000000000
2.90250000000000
2.97000000000000
2.89125000000000
2.82375000000000
2.77875000000000
2.81250000000000
2.83500000000000
2.85750000000000
2.90250000000000
3.06000000000000
2.98125000000000
2.70000000000000
2.55375000000000
2.18250000000000
1.99125000000000
1.93500000000000
2.03625000000000
2.09250000000000
2.25000000000000
2.49750000000000
2.75625000000000
3.07125000000000
3.43125000000000
3.76875000000000
4.07250000000000
4.19625000000000
4.42125000000000
4.55625000000000
4.73625000000000
4.89375000000000
5.07375000000000
5.17500000000000
5.26500000000000
5.34375000000000
5.34375000000000
5.32125000000000
5.31000000000000
5.28750000000000
5.28750000000000
5.28750000000000
5.28750000000000
5.28750000000000
5.31000000000000
5.33250000000000
5.38875000000000
5.45625000000000
5.52375000000000
5.56875000000000
5.62500000000000
5.69250000000000
5.73750000000000
5.79375000000000
5.87250000000000
5.98500000000000
6.08625000000000
6.14250000000000
6.17625000000000
6.18750000000000
6.17625000000000
6.14250000000000
6.14250000000000
6.16500000000000
6.19875000000000
6.24375000000000
6.26625000000000
6.31125000000000
6.33375000000000
6.36750000000000
6.37875000000000
6.37875000000000
6.35625000000000
6.35625000000000
6.35625000000000
6.35625000000000
6.35625000000000
6.35625000000000
6.34500000000000
6.31125000000000
6.27750000000000
6.19875000000000
6.14250000000000
6.09750000000000
6.07500000000000
6.04125000000000
6.03000000000000
6.06375000000000
6.07500000000000
6.08625000000000
6.08625000000000
6.05250000000000
6.00750000000000
5.96250000000000
5.91750000000000
5.86125000000000
5.89500000000000
5.85000000000000
5.83875000000000
5.81625000000000
5.79375000000000
5.80500000000000
5.82750000000000
5.86125000000000
5.90625000000000
5.96250000000000
6.01875000000000
6.07500000000000
6.17625000000000
6.23250000000000
6.25500000000000
6.30000000000000
6.30000000000000
6.27750000000000
6.21000000000000
6.13125000000000
6.03000000000000
5.90625000000000
5.79375000000000
5.79375000000000
5.79375000000000
5.74875000000000
5.63625000000000
5.62500000000000
5.63625000000000
5.62500000000000
5.58000000000000
5.56875000000000
5.56875000000000
5.56875000000000
5.52375000000000
5.46750000000000
5.41125000000000
5.31000000000000
5.18625000000000
5.06250000000000
4.92750000000000
4.79250000000000
4.66875000000000
4.53375000000000
4.33125000000000
4.16250000000000
3.96000000000000
3.80250000000000
3.65625000000000
3.54375000000000
3.44250000000000
3.43125000000000
3.37500000000000
3.26250000000000
3.09375000000000
2.79000000000000
2.41875000000000
2.26125000000000
2.14875000000000
2.08125000000000
1.91250000000000
1.74375000000000
1.40625000000000
1.21500000000000
0.900000000000000
0.528750000000000
0.157500000000000
0.0900000000000000
0.0988030000000000
0.0411141000000000
0.0113255000000000
0.00204077000000000
0.00105286500000000
1.14625000000000
1.32750000000000
1.98125000000000
2.59000000000000
3.24375000000000
3.87500000000000
4.46125000000000
4.55250000000000
4.73375000000000
5.32000000000000
5.54625000000000
5.70500000000000
5.72875000000000
5.64000000000000
5.50625000000000
5.37250000000000
5.26125000000000
5.12750000000000
4.49875000000000
4.02750000000000
4.02875000000000
4.09750000000000
4.16625000000000
4.28000000000000
4.52875000000000
4.98000000000000
5.43125000000000
5.79250000000000
5.83875000000000
5.79500000000000
5.77375000000000
5.48250000000000
4.96625000000000
4.54000000000000
4.24875000000000
4.25000000000000
4.67875000000000
5.15250000000000
5.55875000000000
5.92000000000000
6.14625000000000
6.23750000000000
6.30625000000000
6.33000000000000
6.24125000000000
6.22000000000000
6.26625000000000
6.29000000000000
6.26875000000000
6.24750000000000
6.24875000000000
6.36250000000000
6.47625000000000
6.50000000000000
6.43375000000000
6.32250000000000
6.34625000000000
6.43750000000000
6.57375000000000
6.57500000000000
6.50875000000000
6.60000000000000
6.73625000000000
6.91750000000000
7.16625000000000
7.32500000000000
7.43875000000000
7.50750000000000
7.57625000000000
7.64500000000000
7.64625000000000
7.60250000000000
7.58125000000000
7.56000000000000
7.58375000000000
7.67500000000000
7.58625000000000
7.47500000000000
7.38625000000000
7.45500000000000
7.56875000000000
7.66000000000000
7.70625000000000
7.73000000000000
7.70875000000000
7.59750000000000
7.46375000000000
7.48750000000000
7.55625000000000
7.67000000000000
7.78375000000000
7.92000000000000
8.01125000000000
8.05750000000000
8.01375000000000
7.90250000000000
7.20625000000000
6.46500000000000
5.72375000000000
4.98250000000000
4.24125000000000
3.50000000000000
2.75875000000000
2.01750000000000
1.27625000000000
1.45750000000000
2.11125000000000
2.72000000000000
3.37375000000000
4.00500000000000
4.59125000000000
4.68250000000000
4.86375000000000
5.45000000000000
5.67625000000000
5.83500000000000
5.85875000000000
5.77000000000000
5.63625000000000
5.50250000000000
5.39125000000000
5.25750000000000
4.62875000000000
4.15750000000000
4.15875000000000
4.22750000000000
4.29625000000000
4.41000000000000
4.65875000000000
5.11000000000000
5.56125000000000
5.92250000000000
5.96875000000000
5.92500000000000
5.90375000000000
5.61250000000000
5.09625000000000
4.67000000000000
4.37875000000000
4.38000000000000
4.80875000000000
5.28250000000000
5.68875000000000
6.05000000000000
6.27625000000000
6.36750000000000
6.43625000000000
6.46000000000000
6.37125000000000
6.35000000000000
6.39625000000000
6.42000000000000
6.39875000000000
6.37750000000000
6.37875000000000
6.49250000000000
6.60625000000000
6.63000000000000
6.56375000000000
6.45250000000000
6.47625000000000
6.56750000000000
6.70375000000000
6.70500000000000
6.63875000000000
6.73000000000000
6.86625000000000
7.04750000000000
7.29625000000000
7.45500000000000
7.56875000000000
7.63750000000000
7.70625000000000
7.77500000000000
7.77625000000000
7.73250000000000
7.71125000000000
7.69000000000000
7.71375000000000
7.80500000000000
7.71625000000000
7.60500000000000
7.51625000000000
7.58500000000000
7.69875000000000
7.79000000000000
7.83625000000000
7.86000000000000
7.83875000000000
7.72750000000000
7.59375000000000
7.61750000000000
7.68625000000000
7.80000000000000
7.91375000000000
8.05000000000000
8.14125000000000
8.18750000000000
8.14375000000000
8.03250000000000
7.33625000000000
6.59500000000000
5.85375000000000
5.11250000000000
4.37125000000000
3.63000000000000
2.88875000000000
2.14750000000000
1.40625000000000
1.58750000000000
2.24125000000000
2.85000000000000
3.50375000000000
4.13500000000000
4.72125000000000
4.81250000000000
4.99375000000000
5.58000000000000
5.80625000000000
5.96500000000000
5.98875000000000
5.90000000000000
5.76625000000000
5.63250000000000
5.52125000000000
5.38750000000000
4.75875000000000
4.28750000000000
4.28875000000000
4.35750000000000
4.42625000000000
4.54000000000000
4.78875000000000
5.24000000000000
5.69125000000000
6.05250000000000
6.09875000000000
6.05500000000000
6.03375000000000
5.74250000000000
5.22625000000000
4.80000000000000
4.50875000000000
4.51000000000000
4.93875000000000
5.41250000000000
5.81875000000000
6.18000000000000
6.40625000000000
6.49750000000000
6.56625000000000
6.59000000000000
6.50125000000000
6.48000000000000
6.52625000000000
6.55000000000000
6.52875000000000
6.50750000000000
6.50875000000000
6.62250000000000
6.73625000000000
6.76000000000000
6.69375000000000
6.58250000000000
6.60625000000000
6.69750000000000
6.83375000000000
6.83500000000000
6.76875000000000
6.86000000000000
6.99625000000000
7.17750000000000
7.42625000000000
7.58500000000000
7.69875000000000
7.76750000000000
7.83625000000000
7.90500000000000
7.90625000000000
7.86250000000000
13.6800000000000
13.6350000000000
13.6800000000000
13.8600000000000
13.6800000000000
13.4550000000000
13.2750000000000
13.4100000000000
13.6350000000000
13.8150000000000
13.9050000000000
13.9500000000000
13.9050000000000
13.6800000000000
13.4100000000000
13.4550000000000
13.5900000000000
13.8150000000000
14.0400000000000
14.3100000000000
14.4900000000000
14.5800000000000
14.4900000000000
14.2650000000000
12.8700000000000
11.3850000000000
9.90000000000000
8.41500000000000
6.93000000000000
5.44500000000000
3.96000000000000
2.47500000000000
0.990000000000000
1
2