0
0
0
0.900000000000000
2.20500000000000
3.64500000000000
5.08500000000000
6.52500000000000
7.78500000000000
8.82000000000000
9.81000000000000
10.8000000000000
11.6100000000000
12.1950000000000
12.6000000000000
13.0500000000000
13.5000000000000
13.8150000000000
14.1750000000000
14.4900000000000
14.8050000000000
15.0750000000000
15.3450000000000
15.5700000000000
15.7050000000000
15.7950000000000
16.0650000000000
16.1550000000000
16.1100000000000
15.8850000000000
15.7050000000000
15.5250000000000
15.5700000000000
15.6600000000000
15.7950000000000
16.0650000000000
16.2450000000000
16.2900000000000
16.4250000000000
16.5150000000000
16.6050000000000
16.6500000000000
16.6500000000000
16.6500000000000
16.6500000000000
16.6500000000000
16.6500000000000
16.6950000000000
16.7850000000000
17.0100000000000
17.3700000000000
17.6850000000000
18
18.3150000000000
18.6300000000000
18.9900000000000
19.3050000000000
19.5750000000000
19.8000000000000
19.9350000000000
20.0250000000000
20.1600000000000
20.2050000000000
20.2500000000000
20.2950000000000
20.4300000000000
20.5650000000000
20.7000000000000
20.8350000000000
20.9250000000000
21.0600000000000
21.1050000000000
21.1500000000000
21.1950000000000
21.2400000000000
21.2850000000000
21.2400000000000
21.1950000000000
21.1500000000000
21.1050000000000
21.1050000000000
21.1050000000000
21.1500000000000
21.1950000000000
21.1950000000000
21.2400000000000
21.1950000000000
21.1500000000000
21.1050000000000
20.9250000000000
20.8350000000000
20.7900000000000
20.8350000000000
20.9250000000000
21.1050000000000
21.1950000000000
21.3300000000000
21.4650000000000
21.6000000000000
21.6900000000000
21.8250000000000
21.9600000000000
22.0950000000000
22.1400000000000
22.0950000000000
22.0950000000000
22.0500000000000
22.0500000000000
22.0950000000000
22.1400000000000
22.1850000000000
22.2300000000000
22.2750000000000
22.2750000000000
22.2750000000000
22.2300000000000
22.0950000000000
22.0050000000000
21.8700000000000
21.7800000000000
21.6450000000000
21.4650000000000
21.3300000000000
21.2850000000000
21.3750000000000
21.5100000000000
21.5550000000000
21.6000000000000
21.5550000000000
21.5550000000000
21.5550000000000
21.6000000000000
21.6000000000000
21.6000000000000
21.5550000000000
21.2850000000000
20.7000000000000
19.4850000000000
18.5400000000000
17.7750000000000
17.6400000000000
17.5500000000000
17.5500000000000
17.5950000000000
17.7750000000000
18.0450000000000
18.4500000000000
18.9000000000000
19.3950000000000
19.6650000000000
19.8450000000000
19.9350000000000
19.9800000000000
20.0700000000000
20.1150000000000
20.2050000000000
20.3400000000000
20.5650000000000
20.6550000000000
20.8350000000000
21.0600000000000
21.1050000000000
21.1500000000000
21.1950000000000
21.4200000000000
21.5550000000000
21.6000000000000
21.6000000000000
21.5550000000000
21.5100000000000
21.2850000000000
21.0150000000000
20.7900000000000
20.6550000000000
20.5650000000000
20.4750000000000
20.4300000000000
20.3850000000000
20.2500000000000
19.8000000000000
19.3950000000000
18.9900000000000
18.6750000000000
18.6750000000000
18.9450000000000
19.3050000000000
19.5750000000000
19.7550000000000
19.6200000000000
19.4850000000000
19.3500000000000
19.3950000000000
19.5300000000000
19.7550000000000
19.9350000000000
20.0700000000000
20.2050000000000
20.1600000000000
19.9800000000000
19.7550000000000
19.5300000000000
19.4400000000000
19.4400000000000
19.3950000000000
19.3500000000000
19.3500000000000
19.3950000000000
19.5300000000000
19.7550000000000
19.8000000000000
19.5750000000000
19.1700000000000
18.6750000000000
18.3150000000000
18
18
18.1350000000000
18.4500000000000
18.9000000000000
19.2150000000000
19.3950000000000
19.4400000000000
19.5300000000000
19.7550000000000
19.9350000000000
20.1150000000000
20.2950000000000
20.4300000000000
20.6100000000000
20.9250000000000
21.1050000000000
21.2400000000000
21.3300000000000
21.2850000000000
21.2850000000000
21.2400000000000
21.2400000000000
21.2400000000000
21.1950000000000
21.1500000000000
21.1500000000000
21.1050000000000
21.0600000000000
21.1050000000000
21.1500000000000
21.2400000000000
21.3750000000000
21.5550000000000
21.6000000000000
21.6000000000000
21.6000000000000
21.6000000000000
21.6000000000000
21.6450000000000
21.6900000000000
21.6900000000000
21.6450000000000
21.8700000000000
22.0050000000000
22.0950000000000
22.0950000000000
22.0950000000000
22.0950000000000
22.0950000000000
22.0500000000000
22.0050000000000
21.6900000000000
21.4650000000000
21.3750000000000
21.2400000000000
21.0150000000000
20.7900000000000
20.7000000000000
20.6100000000000
20.5200000000000
20.4300000000000
20.3400000000000
20.2500000000000
20.1150000000000
20.0250000000000
19.8900000000000
19.5750000000000
19.2600000000000
18.9000000000000
18.0450000000000
17.3700000000000
16.8750000000000
16.1100000000000
15.6150000000000
15.3000000000000
14.9850000000000
14.6250000000000
14.2650000000000
13.7700000000000
13.3200000000000
12.9600000000000
12.7800000000000
12.8700000000000
13.2750000000000
14.1300000000000
15.0300000000000
16.0200000000000
16.8750000000000
17.5950000000000
18.0900000000000
18.4950000000000
18.8100000000000
19.0800000000000
19.2600000000000
19.4850000000000
19.7100000000000
19.9350000000000
20.1150000000000
20.2500000000000
20.3400000000000
20.4300000000000
20.4750000000000
20.6100000000000
20.7000000000000
20.7450000000000
20.9250000000000
21.0600000000000
21.1950000000000
21.4650000000000
21.7350000000000
22.0500000000000
22.3650000000000
22.6350000000000
22.9500000000000
23.2650000000000
23.5800000000000
23.8950000000000
24.2100000000000
24.5250000000000
24.8400000000000
25.1100000000000
25.3800000000000
25.6050000000000
25.6500000000000
25.6950000000000
25.7850000000000
25.9200000000000
26.0100000000000
26.1000000000000
26.1450000000000
26.2800000000000
26.4150000000000
26.4600000000000
26.5050000000000
26.5500000000000
26.5500000000000
26.5050000000000
26.4600000000000
26.3700000000000
26.2800000000000
26.1900000000000
26.1450000000000
26.1000000000000
26.0550000000000
25.9200000000000
25.8300000000000
25.7400000000000
25.6950000000000
25.6500000000000
25.6500000000000
25.6050000000000
25.6050000000000
25.6050000000000
25.6500000000000
25.6500000000000
25.6500000000000
25.6500000000000
25.6500000000000
25.6500000000000
25.6500000000000
25.6500000000000
25.6500000000000
25.6050000000000
25.5600000000000
25.4250000000000
25.2900000000000
25.2000000000000
25.2000000000000
25.2000000000000
25.2450000000000
25.3800000000000
25.5150000000000
25.6050000000000
25.6950000000000
25.7850000000000
25.8300000000000
25.8300000000000
25.7400000000000
25.6500000000000
25.6050000000000
25.4700000000000
25.3350000000000
25.2450000000000
25.3800000000000
25.5150000000000
25.6950000000000
25.8750000000000
26.0100000000000
26.1000000000000
26.1000000000000
26.1000000000000
26.1000000000000
26.1000000000000
26.1000000000000
26.0550000000000
26.0100000000000
25.9650000000000
25.9650000000000
26.0100000000000
26.0550000000000
26.1000000000000
26.1450000000000
26.2800000000000
26.5050000000000
26.5950000000000
26.7300000000000
26.9100000000000
26.9550000000000
26.9550000000000
26.9100000000000
26.8200000000000
26.7300000000000
26.6400000000000
26.5950000000000
26.5500000000000
26.5050000000000
26.4150000000000
26.3700000000000
26.3250000000000
26.2800000000000
26.2800000000000
26.2350000000000
26.1900000000000
26.1450000000000
26.1000000000000
26.0550000000000
26.0550000000000
26.0550000000000
26.0550000000000
26.0550000000000
26.1000000000000
26.1450000000000
26.1450000000000
26.1900000000000
26.1900000000000
26.1900000000000
26.1450000000000
26.1000000000000
26.1000000000000
26.1000000000000
26.1000000000000
26.1000000000000
26.1000000000000
26.0550000000000
26.0550000000000
26.1000000000000
26.1450000000000
26.1450000000000
26.1900000000000
26.2350000000000
26.2350000000000
26.2350000000000
26.1900000000000
26.1450000000000
26.1000000000000
26.0100000000000
25.8750000000000
25.6950000000000
25.6500000000000
25.4700000000000
25.2450000000000
25.2000000000000
25.1100000000000
24.9750000000000
24.8400000000000
24.7950000000000
24.7500000000000
24.7050000000000
24.7050000000000
24.7050000000000
24.7050000000000
24.7050000000000
24.7050000000000
24.7500000000000
24.7500000000000
24.7500000000000
24.7500000000000
24.7500000000000
24.7500000000000
24.7950000000000
24.7950000000000
24.7500000000000
24.7050000000000
24.7050000000000
24.6600000000000
24.6150000000000
24.5700000000000
24.4800000000000
24.4350000000000
24.4350000000000
24.3900000000000
24.3450000000000
24.3450000000000
24.3450000000000
24.3000000000000
24.3000000000000
24.3000000000000
24.3000000000000
24.3000000000000
24.3000000000000
24.3000000000000
24.3000000000000
24.3450000000000
24.3900000000000
24.5250000000000
24.6600000000000
24.7050000000000
24.7500000000000
24.7950000000000
24.8400000000000
24.8400000000000
24.8850000000000
24.9300000000000
24.9750000000000
25.0200000000000
25.0650000000000
25.1100000000000
25.1550000000000
25.2000000000000
25.2000000000000
25.2000000000000
25.2000000000000
25.2000000000000
25.2000000000000
25.2000000000000
25.2000000000000
25.2000000000000
25.2000000000000
25.2000000000000
25.2000000000000
25.2000000000000
25.2000000000000
25.1550000000000
25.1550000000000
25.1550000000000
25.1100000000000
25.0200000000000
24.9300000000000
24.8400000000000
24.7950000000000
24.7500000000000
24.7050000000000
24.5700000000000
24.4800000000000
24.3900000000000
24.3450000000000
24.2100000000000
24.0300000000000
23.9850000000000
23.8950000000000
23.8050000000000
23.6700000000000
23.5800000000000
23.4900000000000
23.4450000000000
23.4000000000000
23.4000000000000
23.4000000000000
23.4000000000000
23.4450000000000
23.4000000000000
23.4000000000000
23.3550000000000
23.2200000000000
23.1300000000000
22.9950000000000
22.8150000000000
22.6350000000000
22.4100000000000
22.1850000000000
21.9150000000000
21.6900000000000
21.6450000000000
21.6000000000000
21.6000000000000
21.6450000000000
21.7800000000000
22.0050000000000
22.0500000000000
22.0950000000000
22.0950000000000
22.0500000000000
22.0500000000000
22.0050000000000
21.8700000000000
21.7350000000000
21.6000000000000
21.5550000000000
21.5100000000000
21.4650000000000
21.5550000000000
21.7350000000000
22.0500000000000
22.0950000000000
22.0500000000000
22.0050000000000
21.6000000000000
21.1950000000000
20.7900000000000
20.7450000000000
20.7450000000000
20.7900000000000
21.1050000000000
21.5100000000000
22.0500000000000
22.3650000000000
22.7700000000000
23.1750000000000
23.4900000000000
23.7150000000000
23.8500000000000
24.1200000000000
24.3000000000000
24.3450000000000
24.4800000000000
24.6150000000000
24.7950000000000
24.9300000000000
24.9300000000000
24.7500000000000
24.5250000000000
24.1200000000000
23.6250000000000
22.5900000000000
21.6900000000000
20.9250000000000
20.7900000000000
20.7000000000000
20.7000000000000
20.8350000000000
21.0600000000000
21.3750000000000
21.6900000000000
21.9600000000000
22.2750000000000
22.5900000000000
22.8150000000000
22.9950000000000
23.2650000000000
23.4900000000000
23.6250000000000
23.4450000000000
23.2200000000000
22.9950000000000
22.9500000000000
22.9500000000000
22.9950000000000
23.1300000000000
23.2650000000000
23.4000000000000
23.4900000000000
23.6250000000000
23.7600000000000
23.7150000000000
23.6700000000000
23.5350000000000
23.5350000000000
23.5800000000000
23.6250000000000
23.7150000000000
23.7150000000000
23.5800000000000
23.4450000000000
23.2650000000000
22.9950000000000
22.7250000000000
22.5450000000000
22.4100000000000
22.3650000000000
22.3200000000000
22.2750000000000
22.2750000000000
22.3650000000000
22.5000000000000
22.5900000000000
22.7700000000000
22.9950000000000
23.2200000000000
23.3550000000000
23.4000000000000
23.4450000000000
23.5800000000000
23.8050000000000
23.9850000000000
24.1650000000000
24.3900000000000
24.5250000000000
24.6600000000000
24.7500000000000
24.9750000000000
25.1550000000000
25.2450000000000
25.3350000000000
25.3800000000000
25.4250000000000
25.5150000000000
25.6050000000000
25.6500000000000
25.7850000000000
25.9650000000000
26.1900000000000
26.4600000000000
26.5950000000000
26.6400000000000
26.5950000000000
26.4600000000000
26.3250000000000
26.1450000000000
25.9650000000000
25.7850000000000
25.6950000000000
25.5600000000000
25.4250000000000
25.2900000000000
24.9750000000000
24.5700000000000
24.3450000000000
24.1650000000000
23.9400000000000
23.8050000000000
23.6250000000000
23.4000000000000
23.0850000000000
22.7250000000000
22.2750000000000
21.8250000000000
21.4200000000000
21.0600000000000
20.5200000000000
19.8900000000000
19.1250000000000
17.6400000000000
16.1550000000000
14.6700000000000
13.1850000000000
12.0600000000000
11.0250000000000
9.67500000000000
8.77500000000000
7.83000000000000
6.79500000000000
5.58000000000000
4.36500000000000
3.15000000000000
2.25000000000000
1.48500000000000
0.900000000000000
0.315000000000000
0
0
0
0
0
0
0.900000000000000
2.20500000000000
3.64500000000000
5.08500000000000
6.52500000000000
7.78500000000000
8.82000000000000
9.81000000000000
10.8000000000000
11.6100000000000
12.1950000000000
12.6000000000000
13.0500000000000
13.5000000000000
13.8150000000000
14.1750000000000
14.4900000000000
14.8050000000000
15.0750000000000
15.3450000000000
15.5700000000000
15.7050000000000
15.7950000000000
16.0650000000000
16.1550000000000
16.1100000000000
15.8850000000000
15.7050000000000
15.5250000000000
15.5700000000000
15.6600000000000
15.7950000000000
16.0650000000000
16.2450000000000
16.2900000000000
16.4250000000000
16.5150000000000
16.6050000000000
16.6500000000000
16.6500000000000
16.6500000000000
16.6500000000000
16.6500000000000
16.6500000000000
16.6950000000000
16.7850000000000
17.0100000000000
17.3700000000000
17.6850000000000
18
18.3150000000000
18.6300000000000
18.9900000000000
19.3050000000000
19.5750000000000
19.8000000000000
19.9350000000000
20.0250000000000
20.1600000000000
20.2050000000000
20.2500000000000
20.2950000000000
20.4300000000000
20.5650000000000
20.7000000000000
20.8350000000000
20.9250000000000
21.0600000000000
21.1050000000000
21.1500000000000
21.1950000000000
21.2400000000000
21.2850000000000
21.2400000000000
21.1950000000000
21.1500000000000
21.1050000000000
21.1050000000000
21.1050000000000
21.1500000000000
21.1950000000000
21.1950000000000
21.2400000000000
21.1950000000000
21.1500000000000
21.1050000000000
20.9250000000000
20.8350000000000
20.7900000000000
20.8350000000000
20.9250000000000
21.1050000000000
21.1950000000000
21.3300000000000
21.4650000000000
21.6000000000000
21.6900000000000
21.8250000000000
21.9600000000000
22.0950000000000
22.1400000000000
22.0950000000000
22.0950000000000
22.0500000000000
22.0500000000000
22.0950000000000
22.1400000000000
22.1850000000000
22.2300000000000
22.2750000000000
22.2750000000000
22.2750000000000
22.2300000000000
22.0950000000000
22.0050000000000
21.8700000000000
21.7800000000000
21.6450000000000
21.4650000000000
21.3300000000000
21.2850000000000
21.3750000000000
21.5100000000000
21.5550000000000
21.6000000000000
21.5550000000000
21.5550000000000
21.5550000000000
21.6000000000000
21.6000000000000
21.6000000000000
21.5550000000000
21.2850000000000
20.7000000000000
19.4850000000000
18.5400000000000
17.7750000000000
17.6400000000000
17.5500000000000
17.5500000000000
17.5950000000000
17.7750000000000
18.0450000000000
18.4500000000000
18.9000000000000
19.3950000000000
19.6650000000000
19.8450000000000
19.9350000000000
19.9800000000000
20.0700000000000
20.1150000000000
20.2050000000000
20.3400000000000
20.5650000000000
20.6550000000000
20.8350000000000
21.0600000000000
21.1050000000000
21.1500000000000
21.1950000000000
21.4200000000000
21.5550000000000
21.6000000000000
21.6000000000000
21.5550000000000
21.5100000000000
21.2850000000000
21.0150000000000
20.7900000000000
20.6550000000000
20.5650000000000
20.4750000000000
20.4300000000000
20.3850000000000
20.2500000000000
19.8000000000000
19.3950000000000
18.9900000000000
18.6750000000000
18.6750000000000
18.9450000000000
19.3050000000000
19.5750000000000
19.7550000000000
19.6200000000000
19.4850000000000
19.3500000000000
19.3950000000000
19.5300000000000
19.7550000000000
19.9350000000000
20.0700000000000
20.2050000000000
20.1600000000000
19.9800000000000
19.7550000000000
19.5300000000000
19.4400000000000
19.4400000000000
19.3950000000000
19.3500000000000
19.3500000000000
19.3950000000000
19.5300000000000
19.7550000000000
19.8000000000000
19.5750000000000
19.1700000000000
18.6750000000000
18.3150000000000
18
18
18.1350000000000
18.4500000000000
18.9000000000000
19.2150000000000
19.3950000000000
19.4400000000000
19.5300000000000
19.7550000000000
19.9350000000000
20.1150000000000
20.2950000000000
20.4300000000000
20.6100000000000
20.9250000000000
21.1050000000000
21.2400000000000
21.3300000000000
21.2850000000000
21.2850000000000
21.2400000000000
21.2400000000000
21.2400000000000
21.1950000000000
21.1500000000000
21.1500000000000
21.1050000000000
21.0600000000000
21.1050000000000
21.1500000000000
21.2400000000000
21.3750000000000
21.5550000000000
21.6000000000000
21.6000000000000
21.6000000000000
21.6000000000000
21.6000000000000
21.6450000000000
21.6900000000000
21.6900000000000
21.6450000000000
21.8700000000000
22.0050000000000
22.0950000000000
22.0950000000000
22.0950000000000
22.0950000000000
22.0950000000000
22.0500000000000
22.0050000000000
21.6900000000000
21.4650000000000
21.3750000000000
21.2400000000000
21.0150000000000
20.7900000000000
20.7000000000000
20.6100000000000
20.5200000000000
20.4300000000000
20.3400000000000
20.2500000000000
20.1150000000000
20.0250000000000
19.8900000000000
19.5750000000000
19.2600000000000
18.9000000000000
18.0450000000000
17.3700000000000
16.8750000000000
16.1100000000000
15.6150000000000
15.3000000000000
14.9850000000000
14.6250000000000
14.2650000000000
13.7700000000000
13.3200000000000
12.9600000000000
12.7800000000000
12.8700000000000
13.2750000000000
14.1300000000000
15.0300000000000
16.0200000000000
16.8750000000000
17.5950000000000
18.0900000000000
18.4950000000000
18.8100000000000
19.0800000000000
19.2600000000000
19.4850000000000
19.7100000000000
19.9350000000000
20.1150000000000
20.2500000000000
20.3400000000000
20.4300000000000
20.4750000000000
20.6100000000000
20.7000000000000
20.7450000000000
20.9250000000000
21.0600000000000
21.1950000000000
21.4650000000000
21.7350000000000
22.0500000000000
22.3650000000000
22.6350000000000
22.9500000000000
23.2650000000000
23.5800000000000
23.8950000000000
24.2100000000000
24.5250000000000
24.8400000000000
25.1100000000000
25.3800000000000
25.6050000000000
25.6500000000000
25.6950000000000
25.7850000000000
25.9200000000000
26.0100000000000
26.1000000000000
26.1450000000000
26.2800000000000
26.4150000000000
26.4600000000000
26.5050000000000
26.5500000000000
26.5500000000000
26.5050000000000
26.4600000000000
26.3700000000000
26.2800000000000
26.1900000000000
26.1450000000000
26.1000000000000
26.0550000000000
25.9200000000000
25.8300000000000
25.7400000000000
25.6950000000000
25.6500000000000
25.6500000000000
25.6050000000000
25.6050000000000
25.6050000000000
25.6500000000000
25.6500000000000
25.6500000000000
25.6500000000000
25.6500000000000
25.6500000000000
25.6500000000000
25.6500000000000
25.6500000000000
25.6050000000000
25.5600000000000
25.4250000000000
25.2900000000000
25.2000000000000
25.2000000000000
25.2000000000000
25.2450000000000
25.3800000000000
25.5150000000000
25.6050000000000
25.6950000000000
25.7850000000000
25.8300000000000
25.8300000000000
25.7400000000000
25.6500000000000
25.6050000000000
25.4700000000000
25.3350000000000
25.2450000000000
25.3800000000000
25.5150000000000
25.6950000000000
25.8750000000000
26.0100000000000
26.1000000000000
26.1000000000000
26.1000000000000
26.1000000000000
26.1000000000000
26.1000000000000
26.0550000000000
26.0100000000000
25.9650000000000
25.9650000000000
26.0100000000000
26.0550000000000
26.1000000000000
26.1450000000000
26.2800000000000
26.5050000000000
26.5950000000000
26.7300000000000
26.9100000000000
26.9550000000000
26.9550000000000
26.9100000000000
26.8200000000000
26.7300000000000
26.6400000000000
26.5950000000000
26.5500000000000
26.5050000000000
26.4150000000000
26.3700000000000
26.3250000000000
26.2800000000000
26.2800000000000
26.2350000000000
26.1900000000000
26.1450000000000
26.1000000000000
26.0550000000000
26.0550000000000
26.0550000000000
26.0550000000000
26.0550000000000
26.1000000000000
26.1450000000000
26.1450000000000
26.1900000000000
26.1900000000000
26.1900000000000
26.1450000000000
26.1000000000000
26.1000000000000
26.1000000000000
26.1000000000000
26.1000000000000
26.1000000000000
26.0550000000000
26.0550000000000
26.1000000000000
26.1450000000000
26.1450000000000
26.1900000000000
26.2350000000000
26.2350000000000
26.2350000000000
26.1900000000000
26.1450000000000
26.1000000000000
26.0100000000000
25.8750000000000
25.6950000000000
25.6500000000000
25.4700000000000
25.2450000000000
25.2000000000000
25.1100000000000
24.9750000000000
24.8400000000000
24.7950000000000
24.7500000000000
24.7050000000000
24.7050000000000
24.7050000000000
24.7050000000000
24.7050000000000
24.7050000000000
24.7500000000000
24.7500000000000
24.7500000000000
24.7500000000000
24.7500000000000
24.7500000000000
24.7950000000000
24.7950000000000
24.7500000000000
24.7050000000000
24.7050000000000
24.6600000000000
24.6150000000000
24.5700000000000
24.4800000000000
24.4350000000000
24.4350000000000
24.3900000000000
24.3450000000000
24.3450000000000
24.3450000000000
24.3000000000000
24.3000000000000
24.3000000000000
24.3000000000000
24.3000000000000
24.3000000000000
24.3000000000000
24.3000000000000
24.3450000000000
24.3900000000000
24.5250000000000
24.6600000000000
24.7050000000000
24.7500000000000
24.7950000000000
24.8400000000000
24.8400000000000
24.8850000000000
24.9300000000000
24.9750000000000
25.0200000000000
25.0650000000000
25.1100000000000
25.1550000000000
25.2000000000000
25.2000000000000
25.2000000000000
25.2000000000000
25.2000000000000
25.2000000000000
25.2000000000000
25.2000000000000
25.2000000000000
25.2000000000000
25.2000000000000
25.2000000000000
25.2000000000000
25.2000000000000
25.1550000000000
25.1550000000000
25.1550000000000
25.1100000000000
25.0200000000000
24.9300000000000
24.8400000000000
24.7950000000000
24.7500000000000
24.7050000000000
24.5700000000000
24.4800000000000
24.3900000000000
24.3450000000000
24.2100000000000
24.0300000000000
23.9850000000000
23.8950000000000
23.8050000000000
23.6700000000000
23.5800000000000
23.4900000000000
23.4450000000000
23.4000000000000
23.4000000000000
23.4000000000000
23.4000000000000
23.4450000000000
23.4000000000000
23.4000000000000
23.3550000000000
23.2200000000000
23.1300000000000
22.9950000000000
22.8150000000000
22.6350000000000
22.4100000000000
22.1850000000000
21.9150000000000
21.6900000000000
21.6450000000000
21.6000000000000
21.6000000000000
21.6450000000000
21.7800000000000
22.0050000000000
22.0500000000000
22.0950000000000
22.0950000000000
22.0500000000000
22.0500000000000
22.0050000000000
21.8700000000000
21.7350000000000
21.6000000000000
21.5550000000000
21.5100000000000
21.4650000000000
21.5550000000000
21.7350000000000
22.0500000000000
22.0950000000000
22.0500000000000
22.0050000000000
21.6000000000000
21.1950000000000
20.7900000000000
20.7450000000000
20.7450000000000
20.7900000000000
21.1050000000000
21.5100000000000
22.0500000000000
22.3650000000000
22.7700000000000
23.1750000000000
23.4900000000000
23.7150000000000
23.8500000000000
24.1200000000000
24.3000000000000
24.3450000000000
24.4800000000000
24.6150000000000
24.7950000000000
24.9300000000000
24.9300000000000
24.7500000000000
24.5250000000000
24.1200000000000
23.6250000000000
22.5900000000000
21.6900000000000
20.9250000000000
20.7900000000000
20.7000000000000
20.7000000000000
20.8350000000000
21.0600000000000
21.3750000000000
21.6900000000000
21.9600000000000
22.2750000000000
22.5900000000000
22.8150000000000
22.9950000000000
23.2650000000000
23.4900000000000
23.6250000000000
23.4450000000000
23.2200000000000
22.9950000000000