0
0
0.00128088750000000
0
0.00127301875000000
0
0
0
0
0
0
0
0
0
0
0
0
0
0
0
0
0
0
0
0
0
0
0
0
0
0
0
0
0
0
0
0
0
0
0
0
0
0
0.162988750000000
1.15968750000000
2.52443125000000
3.90073125000000
4.98931250000000
5.84263125000000
6.56875000000000
7.25106250000000
7.67531250000000
7.82300000000000
7.92456250000000
7.95018750000000
7.98637500000000
7.98731250000000
8.01706250000000
8.05362500000000
8.04231250000000
8.07593750000000
8.10481250000000
8.09893750000000
8.05687500000000
8.04525000000000
7.86781250000000
7.10825000000000
6.24284375000000
5.35885625000000
3.91135000000000
2.57233125000000
1.27812500000000
0.152876250000000
0.0231104375000000
0.00509901250000000
0.00128173750000000
0
0
0
0
0
0
0.00129516875000000
0
0
0
0
0
0.123503750000000
1.04099375000000
2.47305000000000
3.82656250000000
4.88416875000000
5.60822500000000
6.36131250000000
7.32375000000000
8.33043750000000
9.51056250000000
10.6467500000000
11.8805625000000
12.9393125000000
13.9601875000000
14.9994375000000
15.4777500000000
15.6024375000000
15.6883125000000
15.7281875000000
15.7488125000000
15.7666875000000
15.7770000000000
15.7261875000000
15.6658125000000
15.6753750000000
15.6508125000000
15.6244375000000
15.6498750000000
15.6895000000000
15.4641875000000
14.9661875000000
13.9073750000000
13.2693750000000
12.3656250000000
11.5797500000000
11.1953750000000
10.7211250000000
9.52156250000000
8.74825000000000
8.05037500000000
7.90262500000000
7.93225000000000
8.39356250000000
9.09068750000000
9.68493750000000
10.3434375000000
10.8920625000000
11.5360625000000
12.3132500000000
12.8455000000000
13.4271250000000
14.0995000000000
14.9178125000000
15.2636250000000
14.7020625000000
14.1045000000000
13.6533750000000
12.9865625000000
12.0281875000000
11.3501250000000
10.4199375000000
9.50075000000000
8.64368750000000
7.85737500000000
6.92387500000000
5.89068750000000
5.03223750000000
4.10028750000000
2.57079375000000
0.646631250000000
0.0513926250000000
0.0141568750000000
0.00255096250000000
0.00131608125000000
0
0
0
0
0
0
0
0
0
0
0
0
0
0
0
0
0.0887575000000000
1.11766875000000
2.77585000000000
4.16080000000000
5.10004375000000
5.99988750000000
6.71937500000000
7.38637500000000
7.62768750000000
7.70475000000000
7.76000000000000
7.79600000000000
7.81656250000000
7.82543750000000
7.84618750000000
7.86981250000000
7.88825000000000
7.90875000000000
7.92193750000000
7.93106250000000
7.96275000000000
7.85637500000000
7.56731250000000
7.01812500000000
6.08381875000000
5.34651250000000
4.27694375000000
2.93650625000000
1.54991250000000
0.175437500000000
0.0333393125000000
0.0102740625000000
0.00255472500000000
0
0
0
0
0
0
0
0
0
0
0
0.00768268750000000
0.340173750000000
1.35790000000000
2.61291875000000
3.68986250000000
4.57042500000000
5.49691875000000
6.36568750000000
7.24487500000000
8.10193750000000
9.57756250000000
11.0168750000000
11.7741875000000
12.7400000000000
14.0244375000000
14.9286875000000
15.4154375000000
15.6556875000000
15.7352500000000
15.7748750000000
15.8015625000000
15.8161250000000
15.8085000000000
15.8196250000000
15.8278750000000
15.8326875000000
15.8401250000000
15.8491250000000
15.8583125000000
15.8421250000000
15.4783750000000
15.0267500000000
14.3681250000000
13.4321250000000
12.5896250000000
12.0460000000000
11.1486875000000
10.0708125000000
8.95243750000000
8.28675000000000
7.97843750000000
7.86418750000000
7.99800000000000
8.24306250000000
9.02981250000000
9.91550000000000
10.4886250000000
11.0907500000000
11.7906250000000
12.3728750000000
12.9666250000000
13.5743750000000
14.2840625000000
14.8609375000000
15.3104375000000
14.9540625000000
14.0876250000000
13.4283125000000
12.7232500000000
11.7119375000000
10.6950625000000
10.2161250000000
9.22225000000000
8.27906250000000
7.42062500000000
6.40112500000000
5.92997500000000
5.17539375000000
4.19079375000000
2.71168750000000
0.681168750000000
0.0564618125000000
0.0166410625000000
0.00382868125000000
0.00124841250000000
0.00128463750000000
0
0
0
0
0
0
0
0
0
0
0
0
0
0
0
0.217245000000000
1.26983125000000
2.57683125000000
3.90465000000000
5.09341250000000
6.01432500000000
6.68612500000000
7.30781250000000
7.80031250000000
7.95756250000000
7.92968750000000
7.92600000000000
7.93806250000000
7.91962500000000
7.93218750000000
7.96925000000000
8.01862500000000
8.06606250000000
8.05787500000000
8.04925000000000
8.05675000000000
7.99900000000000
7.73406250000000
7.34206250000000
6.09744375000000
5.08511875000000
4.12990000000000
2.98867500000000
1.62748125000000
0.261510625000000
0.0295691250000000
0.00640893750000000
0.00127940000000000
0
0
0
0
0
0
0
0
0
0
0
0
0.0735075000000000
0.752225000000000
2.00571250000000
3.34361250000000
4.45777500000000
5.51036250000000
6.29156250000000
7.21837500000000
8.51425000000000
9.82337500000000
10.9276875000000
11.8702500000000
12.9437500000000
13.8985625000000
14.8711250000000
15.3766250000000
15.5318125000000
15.7316250000000
15.9059375000000
15.9686250000000
15.7393750000000
15.6784375000000
15.6285000000000
15.5705625000000
15.5701250000000
15.5509375000000
15.5197500000000
15.4930000000000
15.4624375000000
15.3963750000000
15.0012500000000
14.1665625000000
13.3466250000000
12.5496250000000
11.8355625000000
10.8753125000000
9.87506250000000
9.22656250000000
8.61718750000000
8.04768750000000
7.78937500000000
7.91987500000000
8.42681250000000
9.34493750000000
10.1895000000000
10.7485000000000
11.4539375000000
12.0898750000000
12.6467500000000
13.0012500000000
13.6455625000000
14.2978750000000
14.9445000000000
15.3540000000000
15.0591250000000
14.5118125000000
13.4105000000000
12.6510625000000
11.8778125000000
10.9278750000000
9.97056250000000
9.40887500000000
8.59818750000000
7.35981250000000
6.49925000000000
5.64838750000000
4.44555625000000
3.28354375000000
2.17793125000000
0.725743750000000
0.0437079375000000
0.0103019375000000
0.00254415625000000
0.00128691250000000
0
0
0
0
0
0
0
0
0
0
0
0
0
0
0
0
0
0
0
0
0
0
0
0
0
0
0
0.00127491250000000
0
0
0
0
0
0
0
0
0
0
0
0
0
0
0
0
0
0
0
0.00128258750000000
0
0
0
0
0
0
0.00128592500000000
0
0
0
0
0
0
0.0600845000000000
0.872875000000000
2.07593125000000
3.42118750000000
4.69370625000000
5.70515000000000
6.35531250000000
7.14718750000000
8.11475000000000
9.27531250000000
10.4012500000000
11.5601875000000
12.5591250000000
13.6334375000000
14.7348125000000
15.8470625000000
16.9196875000000
18.0858125000000
19.0713125000000
19.5212500000000
19.6993125000000
19.5926250000000
19.5761875000000
19.5400625000000
19.5296250000000
19.5492500000000
19.5494375000000
19.5431250000000
19.5436250000000
19.5484375000000
19.5475625000000
19.0166875000000
17.8776875000000
16.8773125000000
15.9979375000000
15.7349375000000
15.6684375000000
15.7155625000000
15.7859375000000
15.9713750000000
16.4521250000000
17.0983125000000
17.5636250000000
18.0611250000000
18.5739375000000
19.0250625000000
19.4582500000000
19.9116250000000
20.3666250000000
20.8128125000000
21.2673125000000
21.7080625000000
22.1554375000000
22.5403125000000
22.9148125000000
23.2596875000000
23.3928750000000
23.3944375000000
23.4560625000000
23.4380625000000
23.3904375000000
23.3931250000000
23.4045000000000
23.4138750000000
23.4368125000000
23.6822500000000
23.9840625000000
24.3024375000000
24.6551875000000
24.9724375000000
25.3833125000000
25.7168750000000
26.1125625000000
26.5817500000000
27.0274375000000
27.3170625000000
27.3963750000000
27.3741875000000
27.3245625000000
27.3046250000000
27.3108750000000
27.2860000000000
27.2909375000000
27.3023750000000
27.2849375000000
27.2343750000000
26.7650625000000
26.1327500000000
25.5066250000000
24.8810000000000
23.9328125000000
23.0745625000000
22.2232500000000
21.3328125000000
20.5837500000000
20.0426875000000
19.6554375000000
19.5168125000000
19.5378125000000
19.5695625000000
19.8408750000000
20.2110000000000
20.4818125000000
20.8286250000000
21.2373750000000
21.5319375000000
21.8468125000000
22.2068750000000
22.5646250000000
22.9393750000000
23.2568750000000
23.5811875000000
23.9510625000000
24.3326250000000
24.6981875000000
25.0868125000000
25.4520625000000
25.8123125000000
26.1445625000000
26.5327500000000
26.7958125000000
27.1416875000000
27.4421875000000
27.4766250000000
27.4554375000000
27.3988125000000
27.3330625000000
26.8645625000000
26.2180000000000
25.3964375000000
24.2771250000000
23.4391250000000
22.7691250000000
22.1238125000000
21.3996250000000
20.2321250000000
19.4957500000000
18.9036875000000
18.3823125000000
17.8155625000000
16.8406875000000
15.6436875000000
15.0261875000000
14.1700625000000
13.3335000000000
12.6895625000000
11.6343750000000
10.5933125000000
9.63587500000000
8.45081250000000
7.25393750000000
6.10062500000000
5.04768125000000
3.80118750000000
2.58255625000000
1.05920625000000
0.0681125000000000
0.0179819375000000
0.00387041875000000
0.00128936875000000
0
0.00130155000000000
0
0
0
0
0
0
0
0.00128088750000000
0
0.00127301875000000
0
0
0
0
0
0
0
0
0
0
0
0
0
0
0
0
0
0
0
0
0
0
0
0
0
0
0
0
0
0
0
0
0
0
0
0
0
0
0.162988750000000
1.15968750000000
2.52443125000000
3.90073125000000
4.98931250000000
5.84263125000000
6.56875000000000
7.25106250000000
7.67531250000000
7.82300000000000
7.92456250000000
7.95018750000000
7.98637500000000
7.98731250000000
8.01706250000000
8.05362500000000
8.04231250000000
8.07593750000000
8.10481250000000
8.09893750000000
8.05687500000000
8.04525000000000
7.86781250000000
7.10825000000000
6.24284375000000
5.35885625000000
3.91135000000000
2.57233125000000
1.27812500000000
0.152876250000000
0.0231104375000000
0.00509901250000000
0.00128173750000000
0
0
0
0
0
0
0.00129516875000000
0
0
0
0
0
0.123503750000000
1.04099375000000
2.47305000000000
3.82656250000000
4.88416875000000
5.60822500000000
6.36131250000000
7.32375000000000
8.33043750000000
9.51056250000000
10.6467500000000
11.8805625000000
12.9393125000000
13.9601875000000
14.9994375000000
15.4777500000000
15.6024375000000
15.6883125000000
15.7281875000000
15.7488125000000
15.7666875000000
15.7770000000000
15.7261875000000
15.6658125000000
15.6753750000000
15.6508125000000
15.6244375000000
15.6498750000000
15.6895000000000
15.4641875000000
14.9661875000000
13.9073750000000
13.2693750000000
12.3656250000000
11.5797500000000
11.1953750000000
10.7211250000000
9.52156250000000
8.74825000000000
8.05037500000000
7.90262500000000
7.93225000000000
8.39356250000000
9.09068750000000
9.68493750000000
10.3434375000000
10.8920625000000
11.5360625000000
12.3132500000000
12.8455000000000
13.4271250000000
14.0995000000000
14.9178125000000
15.2636250000000
14.7020625000000
14.1045000000000
13.6533750000000
12.9865625000000
12.0281875000000
11.3501250000000
10.4199375000000
9.50075000000000
8.64368750000000
7.85737500000000
6.92387500000000
5.89068750000000
5.03223750000000
4.10028750000000
2.57079375000000
0.646631250000000
0.0513926250000000
0.0141568750000000
0.00255096250000000
0.00131608125000000
0
0
0
0
0
0
0
0
0
0
0
0
0
0
0
0
0.0887575000000000
1.11766875000000
2.77585000000000
4.16080000000000
5.10004375000000
5.99988750000000
6.71937500000000
7.38637500000000
7.62768750000000
7.70475000000000
7.76000000000000
7.79600000000000
7.81656250000000
7.82543750000000
7.84618750000000
7.86981250000000
7.88825000000000
7.90875000000000
7.92193750000000
7.93106250000000
7.96275000000000
7.85637500000000
7.56731250000000
7.01812500000000
6.08381875000000
5.34651250000000
4.27694375000000
2.93650625000000
1.54991250000000
0.175437500000000
0.0333393125000000
0.0102740625000000
0.00255472500000000
0
0
0
0
0
0
0
0
0
0
0
0.00768268750000000
0.340173750000000
1.35790000000000
2.61291875000000
3.68986250000000
4.57042500000000
5.49691875000000
6.36568750000000
7.24487500000000
8.10193750000000
9.57756250000000
11.0168750000000
11.7741875000000
12.7400000000000
14.0244375000000
14.9286875000000
15.4154375000000
15.6556875000000
15.7352500000000
15.7748750000000
15.8015625000000
15.8161250000000
15.8085000000000
15.8196250000000
15.8278750000000
15.8326875000000
15.8401250000000
15.8491250000000
15.8583125000000
15.8421250000000
15.4783750000000
15.0267500000000
14.3681250000000
13.4321250000000
12.5896250000000
12.0460000000000
11.1486875000000
10.0708125000000
8.95243750000000
8.28675000000000
7.97843750000000
7.86418750000000
7.99800000000000
8.24306250000000
9.02981250000000
9.91550000000000
10.4886250000000
11.0907500000000
11.7906250000000
12.3728750000000
12.9666250000000
13.5743750000000
14.2840625000000
14.8609375000000
15.3104375000000
14.9540625000000
14.0876250000000
13.4283125000000
12.7232500000000
11.7119375000000
10.6950625000000
10.2161250000000
9.22225000000000
8.27906250000000
7.42062500000000
6.40112500000000
5.92997500000000
5.17539375000000
4.19079375000000
2.71168750000000
0.681168750000000
0.0564618125000000
0.0166410625000000
0.00382868125000000
0.00124841250000000
0.00128463750000000
0
0
0
0
0
0
0
0
0
0
0
0
0
0
0
0.217245000000000
1.26983125000000
2.57683125000000
3.90465000000000
5.09341250000000
6.01432500000000
6.68612500000000
7.30781250000000
7.80031250000000
7.95756250000000
7.92968750000000
7.92600000000000
7.93806250000000
7.91962500000000
7.93218750000000
7.96925000000000
8.01862500000000
8.06606250000000
8.05787500000000
8.04925000000000
8.05675000000000
7.99900000000000
7.73406250000000
7.34206250000000
6.09744375000000
5.08511875000000
4.12990000000000
2.98867500000000
1.62748125000000
0.261510625000000
0.0295691250000000
0.00640893750000000
0.00127940000000000
0
0
0
0
0
0
0
0
0
0
0
0
0.0735075000000000
0.752225000000000
2.00571250000000
3.34361250000000
4.45777500000000
5.51036250000000
6.29156250000000
7.21837500000000
8.51425000000000
9.82337500000000
10.9276875000000
11.8702500000000
12.9437500000000
13.8985625000000
14.8711250000000
15.3766250000000
15.5318125000000
15.7316250000000
15.9059375000000
15.9686250000000
15.7393750000000
15.6784375000000
15.6285000000000
15.5705625000000
15.5701250000000
15.5509375000000
15.5197500000000
15.4930000000000
15.4624375000000
15.3963750000000
15.0012500000000
14.1665625000000
13.3466250000000
12.5496250000000
11.8355625000000
10.8753125000000
9.87506250000000
9.22656250000000
8.61718750000000
8.04768750000000
7.78937500000000
7.91987500000000
8.42681250000000
9.34493750000000
10.1895000000000
10.7485000000000
11.4539375000000
12.0898750000000
12.6467500000000
13.0012500000000
13.6455625000000
14.2978750000000
14.9445000000000
15.3540000000000
15.0591250000000
14.5118125000000
13.4105000000000
12.6510625000000
11.8778125000000
10.9278750000000
9.97056250000000
9.40887500000000
8.59818750000000
7.35981250000000
6.49925000000000
5.64838750000000
4.44555625000000
3.28354375000000
2.17793125000000
0.725743750000000
0.0437079375000000
0.0103019375000000
0.00254415625000000
0.00128691250000000
0
0
0
0
0
0
0
0
0
0
0
0
0
0
0
0
0
0
0
0
0
0
0
0
0
0
0
0.00127491250000000
0
0
0
0
0
0
0
0
0
0
0
0
0
0
0
0
0
0
0
0.00128258750000000
0
0
0
0
0
0
0.00128592500000000
0
0
0
0
0
0
0.0600845000000000
0.872875000000000
2.07593125000000
3.42118750000000
4.69370625000000
5.70515000000000
6.35531250000000
7.14718750000000
8.11475000000000
9.27531250000000
10.4012500000000
11.5601875000000
12.5591250000000
13.6334375000000
14.7348125000000
15.8470625000000
16.9196875000000
18.0858125000000
19.0713125000000
19.5212500000000
19.6993125000000
19.5926250000000
19.5761875000000
19.5400625000000
19.5296250000000
19.5492500000000
19.5494375000000
19.5431250000000
19.5436250000000
19.5484375000000
19.5475625000000
19.0166875000000
17.8776875000000
16.8773125000000
15.9979375000000
15.7349375000000
15.6684375000000
15.7155625000000
15.7859375000000
15.9713750000000
16.4521250000000
17.0983125000000
17.5636250000000
18.0611250000000
18.5739375000000
19.0250625000000
19.4582500000000
19.9116250000000
20.3666250000000
20.8128125000000
21.2673125000000
21.7080625000000
22.1554375000000
22.5403125000000
22.9148125000000
23.2596875000000
23.3928750000000
23.3944375000000
23.4560625000000
23.4380625000000
23.3904375000000
23.3931250000000
23.4045000000000
23.4138750000000
23.4368125000000
23.6822500000000
23.9840625000000
24.3024375000000
24.6551875000000
24.9724375000000
25.3833125000000
25.7168750000000
26.1125625000000
26.5817500000000
27.0274375000000
27.3170625000000
27.3963750000000
27.3741875000000
27.3245625000000
27.3046250000000
27.3108750000000
27.2860000000000
27.2909375000000
27.3023750000000
27.2849375000000
27.2343750000000
26.7650625000000
26.1327500000000
25.5066250000000
24.8810000000000
23.9328125000000
23.0745625000000
22.2232500000000
21.3328125000000
20.5837500000000
20.0426875000000
19.6554375000000
19.5168125000000
19.5378125000000
19.5695625000000
19.8408750000000
20.2110000000000
20.4818125000000
20.8286250000000
21.2373750000000
21.5319375000000
21.8468125000000
22.2068750000000
22.5646250000000
22.9393750000000
23.2568750000000
23.5811875000000
23.9510625000000
24.3326250000000
24.6981875000000
25.0868125000000
25.4520625000000
25.8123125000000
26.1445625000000
26.5327500000000
26.7958125000000
27.1416875000000
27.4421875000000
27.4766250000000
27.4554375000000
27.3988125000000
27.3330625000000
26.8645625000000
26.2180000000000
25.3964375000000
24.2771250000000
23.4391250000000
22.7691250000000
22.1238125000000
21.3996250000000
20.2321250000000
19.4957500000000
18.9036875000000
18.3823125000000
17.8155625000000
16.8406875000000
15.6436875000000
15.0261875000000
14.1700625000000
13.3335000000000
12.6895625000000
11.6343750000000
10.5933125000000
9.63587500000000
8.45081250000000
7.25393750000000
6.10062500000000
5.04768125000000
3.80118750000000
2.58255625000000
1.05920625000000
0.0681125000000000
0.0179819375000000
0.00387041875000000
0.00128936875000000
0
0.00130155000000000
0
0
0
0
0
0
0
0.00128088750000000
0
0.00127301875000000
0
0
0
0
0
0
0
0
0
0
0
0
0
0
0
0
0
0
0
0
0
0
0
0
0
0
0
0
0
0
0
0
0
0
0
0
0
0
0.162988750000000
1.15968750000000
2.52443125000000
3.90073125000000
4.98931250000000
5.84263125000000
6.56875000000000
7.25106250000000
7.67531250000000
7.82300000000000
7.92456250000000
7.95018750000000
7.98637500000000
7.98731250000000
8.01706250000000
8.05362500000000
8.04231250000000
8.07593750000000
8.10481250000000
8.09893750000000
8.05687500000000
8.04525000000000
7.86781250000000
7.10825000000000
6.24284375000000
5.35885625000000
3.91135000000000
2.57233125000000
1.27812500000000
0.152876250000000
0.0231104375000000
0.00509901250000000
0.00128173750000000
0
0
0
0
0
0
0.00129516875000000
0
0
0
0
0
0.123503750000000
1.04099375000000
2.47305000000000
3.82656250000000
4.88416875000000
5.60822500000000
6.36131250000000
7.32375000000000
8.33043750000000
9.51056250000000
10.6467500000000
11.8805625000000
12.9393125000000
13.9601875000000
14.9994375000000
15.4777500000000
15.6024375000000
15.6883125000000
15.7281875000000
15.7488125000000
15.7666875000000
15.7770000000000
15.7261875000000
15.6658125000000
15.6753750000000
15.6508125000000
15.6244375000000
15.6498750000000
15.6895000000000
15.4641875000000
14.9661875000000
13.9073750000000
13.2693750000000
12.3656250000000
11.5797500000000
11.1953750000000
10.7211250000000
9.52156250000000
8.74825000000000
8.05037500000000
7.90262500000000
7.93225000000000
8.39356250000000
9.09068750000000
9.68493750000000
10.3434375000000
10.8920625000000
11.5360625000000
12.3132500000000
12.8455000000000
13.4271250000000
14.0995000000000
14.9178125000000
15.2636250000000
14.7020625000000
14.1045000000000
13.6533750000000
12.9865625000000
12.0281875000000
11.3501250000000
10.4199375000000
9.50075000000000
8.64368750000000
7.85737500000000
6.92387500000000
5.89068750000000
5.03223750000000
4.10028750000000
2.57079375000000
0.646631250000000
0.0513926250000000
0.0141568750000000
0.00255096250000000
0.00131608125000000
0
0
0
0
0
0
0
0
0
0
0
0
0
0
0
0
0.0887575000000000
1.11766875000000
2.77585000000000
4.16080000000000
5.10004375000000
5.99988750000000
6.71937500000000
7.38637500000000
7.62768750000000
7.70475000000000
7.76000000000000
7.79600000000000
7.81656250000000
7.82543750000000
7.84618750000000
7.86981250000000
7.88825000000000
7.90875000000000
7.92193750000000
7.93106250000000
7.96275000000000
7.85637500000000
7.56731250000000
7.01812500000000
6.08381875000000
5.34651250000000
4.27694375000000
2.93650625000000
1.54991250000000
0.175437500000000
0.0333393125000000
0.0102740625000000
0.00255472500000000
0
0
0
0
0
0
0
0
0
0
0
0.00768268750000000
0.340173750000000
1.35790000000000
2.61291875000000
3.68986250000000
4.57042500000000
5.49691875000000
6.36568750000000
7.24487500000000
8.10193750000000
9.57756250000000
11.0168750000000
11.7741875000000
12.7400000000000
14.0244375000000
14.9286875000000
15.4154375000000
15.6556875000000
15.7352500000000
15.7748750000000
15.8015625000000
15.8161250000000
15.8085000000000
15.8196250000000
15.8278750000000
15.8326875000000
15.8401250000000
15.8491250000000
15.8583125000000
15.8421250000000
15.4783750000000
15.0267500000000
14.3681250000000
13.4321250000000
12.5896250000000
12.0460000000000
11.1486875000000
10.0708125000000
8.95243750000000
8.28675000000000
7.97843750000000
7.86418750000000
7.99800000000000
8.24306250000000
9.02981250000000
9.91550000000000
10.4886250000000
11.0907500000000
11.7906250000000
12.3728750000000
12.9666250000000
13.5743750000000
14.2840625000000
14.8609375000000
15.3104375000000
14.9540625000000
14.0876250000000
13.4283125000000
12.7232500000000
11.7119375000000
10.6950625000000
10.2161250000000
9.22225000000000
8.27906250000000
7.42062500000000
6.40112500000000
5.92997500000000
5.17539375000000
4.19079375000000
2.71168750000000
0.681168750000000
0.0564618125000000
0.0166410625000000
0.00382868125000000
0.00124841250000000
0.00128463750000000
0
0
0
0
0
0
0
0
0
0
0
0
0
0
0
0.217245000000000
1.26983125000000
2.57683125000000
3.90465000000000
5.09341250000000
6.01432500000000
6.68612500000000
7.30781250000000
7.80031250000000
7.95756250000000
7.92968750000000
7.92600000000000
7.93806250000000
7.91962500000000
7.93218750000000
7.96925000000000
8.01862500000000
8.06606250000000
8.05787500000000
8.04925000000000
8.05675000000000
7.99900000000000
7.73406250000000
7.34206250000000
6.09744375000000
5.08511875000000
4.12990000000000
2.98867500000000
1.62748125000000
0.261510625000000
0.0295691250000000
0.00640893750000000
0.00127940000000000
0
0
0
0
0
0
0
0
0
0
0
0
0.0735075000000000
0.752225000000000
2.00571250000000
3.34361250000000
4.45777500000000
5.51036250000000
6.29156250000000
7.21837500000000
8.51425000000000
9.82337500000000
10.9276875000000
11.8702500000000
12.9437500000000
13.8985625000000
14.8711250000000
15.3766250000000
15.5318125000000
15.7316250000000
15.9059375000000
15.9686250000000
15.7393750000000
15.6784375000000
15.6285000000000
15.5705625000000
15.5701250000000
15.5509375000000
15.5197500000000
15.4930000000000
15.4624375000000
15.3963750000000
15.0012500000000
14.1665625000000
13.3466250000000
12.5496250000000
11.8355625000000
10.8753125000000
9.87506250000000
9.22656250000000
8.61718750000000
8.04768750000000
7.78937500000000
7.91987500000000
8.42681250000000
9.34493750000000
10.1895000000000
10.7485000000000
11.4539375000000
12.0898750000000
12.6467500000000
13.0012500000000
13.6455625000000
14.2978750000000
14.9445000000000
15.3540000000000
15.0591250000000
14.5118125000000
13.4105000000000
12.6510625000000
11.8778125000000
10.9278750000000
9.97056250000000
9.40887500000000
8.59818750000000
7.35981250000000
6.49925000000000
5.64838750000000
4.44555625000000
3.28354375000000
2.17793125000000
0.725743750000000
0.0437079375000000
0.0103019375000000
0.00254415625000000
0.00128691250000000
0
0
0
0
0
0
0
0
0
0
0
0
0
0
0
0
0
0
0
0
0
0
0
0
0
0
0
0.00127491250000000
0
0
0
0
0
0
0
0
0
0
0
0
0
0
0
0
0
0
0
0.00128258750000000
0
0
0
0
0
0
0.00128592500000000
0
0
0
0
0
0
0.0600845000000000
0.872875000000000
2.07593125000000
3.42118750000000
4.69370625000000
5.70515000000000
6.35531250000000
7.14718750000000
8.11475000000000
9.27531250000000
10.4012500000000
11.5601875000000
12.5591250000000
13.6334375000000
14.7348125000000
15.8470625000000
16.9196875000000
18.0858125000000
19.0713125000000
19.5212500000000
19.6993125000000
19.5926250000000
19.5761875000000
19.5400625000000
19.5296250000000
19.5492500000000
19.5494375000000
19.5431250000000
19.5436250000000
19.5484375000000
19.5475625000000
19.0166875000000
17.8776875000000
16.8773125000000
15.9979375000000
15.7349375000000
15.6684375000000
15.7155625000000
15.7859375000000
15.9713750000000
16.4521250000000
17.0983125000000
17.5636250000000
18.0611250000000
18.5739375000000
19.0250625000000
19.4582500000000
19.9116250000000
20.3666250000000
20.8128125000000
21.2673125000000
21.7080625000000
22.1554375000000
22.5403125000000
22.9148125000000
23.2596875000000
23.3928750000000
23.3944375000000
23.4560625000000
23.4380625000000
23.3904375000000
23.3931250000000
23.4045000000000
23.4138750000000
23.4368125000000
23.6822500000000
23.9840625000000
24.3024375000000
24.6551875000000
24.9724375000000
25.3833125000000
25.7168750000000
26.1125625000000
26.5817500000000
27.0274375000000
27.3170625000000
27.3963750000000
27.3741875000000
27.3245625000000
27.3046250000000
27.3108750000000
27.2860000000000
27.2909375000000
27.3023750000000
27.2849375000000
27.2343750000000
26.7650625000000
26.1327500000000
25.5066250000000
24.8810000000000
23.9328125000000
23.0745625000000
22.2232500000000
21.3328125000000
20.5837500000000
20.0426875000000
19.6554375000000
19.5168125000000
19.5378125000000
19.5695625000000
19.8408750000000
20.2110000000000
20.4818125000000
20.8286250000000
21.2373750000000
21.5319375000000
21.8468125000000
22.2068750000000
22.5646250000000
22.9393750000000
23.2568750000000
23.5811875000000
23.9510625000000
24.3326250000000
24.6981875000000
25.0868125000000
25.4520625000000
25.8123125000000
26.1445625000000
26.5327500000000
26.7958125000000
27.1416875000000
27.4421875000000
27.4766250000000
27.4554375000000
27.3988125000000
27.3330625000000
26.8645625000000
26.2180000000000
25.3964375000000
24.2771250000000
23.4391250000000
22.7691250000000
22.1238125000000
21.3996250000000
20.2321250000000
19.4957500000000
18.9036875000000
18.3823125000000
17.8155625000000
16.8406875000000
15.6436875000000
15.0261875000000
14.1700625000000
13.3335000000000
12.6895625000000
11.6343750000000
10.5933125000000
9.63587500000000
8.45081250000000
7.25393750000000
6.10062500000000
5.04768125000000
3.80118750000000
2.58255625000000
1.05920625000000
0.0681125000000000
0.0179819375000000
0.00387041875000000
0.00128936875000000
0
0.00130155000000000
0
0
0
0
0