0
0
0
0
0
0
0
0
0
0
0
0
0
0
0
0
0
0
0
0
0
0
0.833333333333333
1.63888888888889
2.38888888888889
3.19444444444444
3.97222222222222
4.69444444444444
4.80555555555556
5.02777777777778
5.75000000000000
6.02777777777778
6.22222222222222
6.25000000000000
6.13888888888889
5.97222222222222
5.80555555555556
5.66666666666667
5.50000000000000
4.72222222222222
4.13888888888889
4.13888888888889
4.22222222222222
4.30555555555556
4.44444444444445
4.75000000000000
5.30555555555556
5.86111111111111
6.30555555555556
6.36111111111111
6.30555555555556
6.27777777777778
5.91666666666667
5.27777777777778
4.75000000000000
4.38888888888889
4.38888888888889
4.91666666666667
5.50000000000000
6
6.44444444444444
6.72222222222222
6.83333333333333
6.91666666666667
6.94444444444445
6.83333333333333
6.80555555555556
6.86111111111111
6.88888888888889
6.86111111111111
6.83333333333333
6.83333333333333
6.97222222222222
7.11111111111111
7.13888888888889
7.05555555555556
6.91666666666667
6.94444444444445
7.05555555555556
7.22222222222222
7.22222222222222
7.13888888888889
7.25000000000000
7.41666666666667
7.63888888888889
7.94444444444445
8.13888888888889
8.27777777777778
8.36111111111111
8.44444444444445
8.52777777777778
8.52777777777778
8.47222222222222
8.44444444444445
8.41666666666667
8.44444444444445
8.55555555555556
8.44444444444445
8.30555555555556
8.19444444444445
8.27777777777778
8.41666666666667
8.52777777777778
8.58333333333333
8.61111111111111
8.58333333333333
8.44444444444445
8.27777777777778
8.30555555555556
8.38888888888889
8.52777777777778
8.66666666666667
8.83333333333333
8.94444444444445
9
8.94444444444445
8.80555555555556
7.94444444444445
7.02777777777778
6.11111111111111
5.19444444444444
4.27777777777778
3.36111111111111
2.44444444444444
1.52777777777778
0.611111111111111
0
0
0
0
0
0
0
0
0
0
0
0
0
0
0
0
0
0
0
0
0
0
0
0
0
0
0
0
0
0
0
0
0
0
0
0
0
0
0
0.916666666666667
1.83333333333333
2.75000000000000
3.66666666666667
4.58333333333333
5.50000000000000
6.16666666666667
6.75000000000000
7.16666666666667
7.33333333333333
7.13888888888889
6.97222222222222
6.86111111111111
6.94444444444445
7
7.05555555555556
7.16666666666667
7.55555555555556
7.36111111111111
6.66666666666667
6.30555555555556
5.38888888888889
4.91666666666667
4.77777777777778
5.02777777777778
5.16666666666667
5.55555555555556
6.16666666666667
6.80555555555556
7.58333333333333
8.47222222222222
9.30555555555556
10.0555555555556
10.3611111111111
10.9166666666667
11.2500000000000
11.6944444444444
12.0833333333333
12.5277777777778
12.7777777777778
13.0000000000000
13.1944444444444
13.1944444444444
13.1388888888889
13.1111111111111
13.0555555555556
13.0555555555556
13.0555555555556
13.0555555555556
13.0555555555556
13.1111111111111
13.1666666666667
13.3055555555556
13.4722222222222
13.6388888888889
13.7500000000000
13.8888888888889
14.0555555555556
14.1666666666667
14.3055555555556
14.5000000000000
14.7777777777778
15.0277777777778
15.1666666666667
15.2500000000000
15.2777777777778
15.2500000000000
15.1666666666667
15.1666666666667
15.2222222222222
15.3055555555556
15.4166666666667
15.4722222222222
15.5833333333333
15.6388888888889
15.7222222222222
15.7500000000000
15.7500000000000
15.6944444444444
15.6944444444444
15.6944444444444
15.6944444444444
15.6944444444444
15.6944444444444
15.6666666666667
15.5833333333333
15.5000000000000
15.3055555555556
15.1666666666667
15.0555555555556
15
14.9166666666667
14.8888888888889
14.9722222222222
15
15.0277777777778
15.0277777777778
14.9444444444444
14.8333333333333
14.7222222222222
14.6111111111111
14.4722222222222
14.5555555555556
14.4444444444444
14.4166666666667
14.3611111111111
14.3055555555556
14.3333333333333
14.3888888888889
14.4722222222222
14.5833333333333
14.7222222222222
14.8611111111111
15
15.2500000000000
15.3888888888889
15.4444444444444
15.5555555555556
15.5555555555556
15.5000000000000
15.3333333333333
15.1388888888889
14.8888888888889
14.5833333333333
14.3055555555556
14.3055555555556
14.3055555555556
14.1944444444444
13.9166666666667
13.8888888888889
13.9166666666667
13.8888888888889
13.7777777777778
13.7500000000000
13.7500000000000
13.7500000000000
13.6388888888889
13.5000000000000
13.3611111111111
13.1111111111111
12.8055555555556
12.5000000000000
12.1666666666667
11.8333333333333
11.5277777777778
11.1944444444444
10.6944444444444
10.2777777777778
9.77777777777778
9.38888888888889
9.02777777777778
8.75000000000000
8.50000000000000
8.47222222222222
8.33333333333333
8.05555555555556
7.63888888888889
6.88888888888889
5.97222222222222
5.58333333333333
5.30555555555556
5.13888888888889
4.72222222222222
4.30555555555556
3.47222222222222
3
2.22222222222222
1.30555555555556
0.388888888888889
0
0
0
0
0
0
0
0
0
0
0
0
0
0
0.277777777777778
1.19444444444444
2.11111111111111
3.02777777777778
3.94444444444444
4.80555555555556
5.55555555555556
6.25000000000000
6.58333333333333
7
7.38888888888889
7.80555555555556
8.33333333333333
8.55555555555556
8.77777777777778
8.91666666666667
9.11111111111111
9.33333333333333
9.58333333333333
9.61111111111111
9.69444444444445
9.66666666666667
9.58333333333333
9.63888888888889
9.86111111111111
10
10
10
10
10
10
10.0277777777778
10.1111111111111
10.1388888888889
10.1111111111111
10
9.75000000000000
9.47222222222222
9.30555555555556
8.72222222222222
8.05555555555556
7.13888888888889
6.38888888888889
5.63888888888889
4.86111111111111
4.02777777777778
3.33333333333333
2.41666666666667
1.50000000000000
0.583333333333333
0
0
0
0
0
0
0.722222222222222
1.63888888888889
2.55555555555556
3.47222222222222
4.38888888888889
5.30555555555556
6.22222222222222
6.94444444444445
7.11111111111111
7.63888888888889
8.05555555555556
8.33333333333333
8.36111111111111
8.33333333333333
8.25000000000000
8.13888888888889
8
7.77777777777778
6.94444444444445
6.02777777777778
5.11111111111111
4.19444444444445
3.27777777777778
2.36111111111111
1.44444444444444
0.527777777777778
0
0
0
0
0
0
0
0
0
0
0
0
0
0
0
0
0
0
0
0.916666666666667
1.83333333333333
2.75000000000000
3.66666666666667
4.58333333333333
5.50000000000000
6.41666666666667
7.33333333333333
7.72222222222222
8.08333333333333
8.75000000000000
9.16666666666667
9.33333333333333
9.66666666666667
9.75000000000000
9.88888888888889
10.0277777777778
10
10.0277777777778
10.0555555555556
10
9.91666666666667
10
10
9.88888888888889
9.86111111111111
9.83333333333333
9.77777777777778
9.77777777777778
9.77777777777778
9.77777777777778
9.77777777777778
9.77777777777778
9.72222222222222
9.75000000000000
9.77777777777778
9.86111111111111
9.77777777777778
9.72222222222222
9.72222222222222
9.72222222222222
9.66666666666667
9.61111111111111
9.58333333333333
9.30555555555556
8.88888888888889
8.36111111111111
7.77777777777778
7.08333333333333
6.25000000000000
5.50000000000000
4.58333333333333
3.66666666666667
2.86111111111111
2
1.11111111111111
0.277777777777778
0
0
0
0
0
0
0.333333333333333
0.972222222222222
1.52777777777778
1.80555555555556
2.36111111111111
2.66666666666667
2.91666666666667
3.30555555555556
3.88888888888889
4.44444444444445
4.91666666666667
5.27777777777778
5.58333333333333
5.83333333333333
6.11111111111111
6.38888888888889
6.61111111111111
6.80555555555556
6.91666666666667
6.94444444444445
6.94444444444445
6.94444444444445
6.94444444444445
6.94444444444445
6.94444444444445
7.11111111111111
7.16666666666667
7.22222222222222
7.11111111111111
7
6.94444444444445
6.94444444444445
6.94444444444445
6.77777777777778
6.41666666666667
5.50000000000000
4.58333333333333
3.66666666666667
2.75000000000000
1.83333333333333
0.916666666666667
0
0
0
0
0
0
0
0
0
0
0
0
0
0
0
0
0
0.916666666666667
1.83333333333333
2.75000000000000
3.61111111111111
4.05555555555556
4.44444444444445
4.72222222222222
4.72222222222222
4.72222222222222
4.86111111111111
4.91666666666667
4.91666666666667
4.86111111111111
4.72222222222222
4.69444444444444
4.61111111111111
4.72222222222222
4.75000000000000
4.72222222222222
4.61111111111111
4.58333333333333
4.58333333333333
4.61111111111111
4.72222222222222
4.88888888888889
5.13888888888889
5.33333333333333
5.61111111111111
5.83333333333333
5.86111111111111
5.88888888888889
6
6.11111111111111
6.22222222222222
6.25000000000000
6.25000000000000
6.25000000000000
6.30555555555556
6.58333333333333
6.97222222222222
7.22222222222222
7.36111111111111
7.50000000000000
7.25000000000000
6.33333333333333
5.41666666666667
4.50000000000000
3.58333333333333
2.66666666666667
1.75000000000000
0.833333333333333
0
0
0
0
0
0
0
0
0
0
0
0
0
0
0
0
0
0
0
0
0
0
0
0
0
0
0.555555555555556
1.25000000000000
2.16666666666667
2.83333333333333
3.47222222222222
3.88888888888889
4.25000000000000
4.86111111111111
5.44444444444445
5.83333333333333
6.16666666666667
6.47222222222222
6.80555555555556
7.02777777777778
7.11111111111111
7.22222222222222
7.25000000000000
7.27777777777778
7.27777777777778
7.33333333333333
7.36111111111111
7.36111111111111
7.22222222222222
7.08333333333333
6.55555555555556
5.94444444444444
5.13888888888889
4.55555555555556
4.02777777777778
3.22222222222222
2.41666666666667
1.61111111111111
0.972222222222222
0.555555555555556
0
0
0
0
0
0
0
0
0
0
0
0
0
0
0.388888888888889
0.916666666666667
1.22222222222222
1.80555555555556
2.55555555555556
3.13888888888889
3.75000000000000
4.05555555555556
4.55555555555556
4.63888888888889
4.58333333333333
4.58333333333333
5.05555555555556
5.33333333333333
5.58333333333333
5.97222222222222
6.25000000000000
6.25000000000000
6.13888888888889
6.30555555555556
6.47222222222222
6.52777777777778
6.25000000000000
6
5.69444444444445
5
4.16666666666667
3.33333333333333
2.50000000000000
1.72222222222222
1.25000000000000
0.833333333333333
0.583333333333333
0.138888888888889
0.138888888888889
0.888888888888889
1.80555555555556
2.66666666666667
3.47222222222222
3.88888888888889
4.44444444444445
5
5.44444444444445
5.97222222222222
6.41666666666667
6.80555555555556
7.08333333333333
7.36111111111111
7.52777777777778
7.66666666666667
7.75000000000000
7.86111111111111
7.94444444444445
7.94444444444445
7.86111111111111
7.83333333333333
7.77777777777778
7.63888888888889
7.44444444444445
7.08333333333333
6.52777777777778
5.97222222222222
5.27777777777778
4.58333333333333
4.13888888888889
3.47222222222222
2.61111111111111
1.72222222222222
0.833333333333333
0.416666666666667
0.416666666666667
0.138888888888889
0
0.833333333333333
1.75000000000000
2.66666666666667
3.58333333333333
4.38888888888889
4.86111111111111
5.11111111111111
5.41666666666667
5.75000000000000
6.11111111111111
6.44444444444444
6.94444444444445
7.36111111111111
7.63888888888889
7.77777777777778
7.86111111111111
8.02777777777778
8.02777777777778
8.02777777777778
8
7.91666666666667
7.86111111111111
7.86111111111111
7.86111111111111
7.83333333333333
7.66666666666667
7.63888888888889
7.63888888888889
7.63888888888889
7.63888888888889
7.63888888888889
7.63888888888889
7.66666666666667
7.77777777777778
7.91666666666667
8.33333333333333
8.61111111111111
8.88888888888889
9.16666666666667
9.16666666666667
9.33333333333333
9.44444444444445
9.52777777777778
9.50000000000000
9.44444444444445
9.44444444444445
9.41666666666667
9.33333333333333
9.19444444444445
9.16666666666667
9.02777777777778
8.88888888888889
8.86111111111111
8.77777777777778
8.75000000000000
8.50000000000000
8.33333333333333
8.30555555555556
8.30555555555556
8.30555555555556
8.30555555555556
8.22222222222222
8.19444444444445
8.19444444444445
8.13888888888889
8.02777777777778
7.83333333333333
7.69444444444444
7.50000000000000
7.08333333333333
6.58333333333333
6.11111111111111
5.69444444444445
5.33333333333333
5.33333333333333
5.58333333333333
5.80555555555556
5.94444444444444
6.11111111111111
6.27777777777778
6.44444444444444
6.66666666666667
6.94444444444445
7.22222222222222
7.38888888888889
7.38888888888889
7.44444444444445
7.50000000000000
7.55555555555556
7.72222222222222
7.80555555555556
8
8.02777777777778
8.05555555555556
8.08333333333333
8.05555555555556
7.80555555555556
7.63888888888889
7.50000000000000
7.16666666666667
6.94444444444445
6.80555555555556
6.88888888888889
6.97222222222222
7.08333333333333
7.13888888888889
7.27777777777778
7.47222222222222
7.63888888888889
7.72222222222222
7.88888888888889
8.05555555555556
8.11111111111111
8.08333333333333
8.05555555555556
8.02777777777778
7.91666666666667
7.80555555555556
7.77777777777778
7.77777777777778
7.66666666666667
7.55555555555556
7.38888888888889
7.50000000000000
7.63888888888889
7.72222222222222
7.77777777777778
7.72222222222222
7.77777777777778
7.77777777777778
7.77777777777778
7.69444444444444
7.61111111111111
7.47222222222222
7.38888888888889
7.36111111111111
7.36111111111111
7.36111111111111
7.30555555555556
7.27777777777778
7.27777777777778
7.19444444444444
7.11111111111111
7.11111111111111
7.19444444444444
7.16666666666667
7.08333333333333
6.83333333333333
6.52777777777778
6.16666666666667
6
6
6.02777777777778
6.27777777777778
6.50000000000000
6.66666666666667
6.72222222222222
6.77777777777778
6.91666666666667
6.97222222222222
7
7.02777777777778
7.08333333333333
7
6.94444444444445
6.94444444444445
6.94444444444445
6.86111111111111
6.80555555555556
6.75000000000000
6.75000000000000
6.80555555555556
6.94444444444445
6.94444444444445
6.83333333333333
6.83333333333333
6.69444444444445
6.80555555555556
6.97222222222222
7.11111111111111
6.97222222222222
6.66666666666667
6.11111111111111
5.58333333333333
4.69444444444444
3.77777777777778
2.86111111111111
1.94444444444444
1.02777777777778
0.111111111111111
0
0
0
0.555555555555556
1.47222222222222
2.38888888888889
3.30555555555556
4.22222222222222
4.86111111111111
5.16666666666667
5.55555555555556
5.86111111111111
6.11111111111111
6.38888888888889
6.80555555555556
7.30555555555556
7.63888888888889
7.80555555555556
7.88888888888889
7.91666666666667
7.91666666666667
7.91666666666667
7.69444444444444
7.63888888888889
7.55555555555556
7.44444444444445
7.36111111111111
7.22222222222222
7.13888888888889
7
6.66666666666667
6.11111111111111
5.97222222222222
5.97222222222222
6.05555555555556
6.25000000000000
6.38888888888889
6.33333333333333
6.33333333333333
6.38888888888889
6.30555555555556
6.30555555555556
6.30555555555556
6.52777777777778
6.66666666666667
6.83333333333333
6.88888888888889
6.97222222222222
7.08333333333333
7.11111111111111
7.08333333333333
6.94444444444445
6.69444444444445
6.58333333333333
6.44444444444444
6.36111111111111
6.25000000000000
6.11111111111111
6
5.69444444444445
4.86111111111111
3.94444444444444
3.02777777777778
2.11111111111111
1.19444444444444
0.277777777777778
0
0
0
0
0
0
0
0
0
0
0
0
0
0
0
0
0
0
0
0
0
0
0
0
0
0
0
0
0
0
0.333333333333333
1.11111111111111
2.02777777777778
2.94444444444444
3.86111111111111
4.72222222222222
5.13888888888889
5.55555555555556
6.05555555555556
6.38888888888889
6.66666666666667
6.88888888888889
7.11111111111111
7.36111111111111
7.44444444444445
7.61111111111111
7.75000000000000
7.86111111111111
7.77777777777778
7.63888888888889
7.50000000000000
7.50000000000000
7.30555555555556
6.80555555555556
6.25000000000000
5.97222222222222
5.72222222222222
5
4.16666666666667
3.41666666666667
3.08333333333333
2.94444444444444
2.77777777777778
2.63888888888889
2.52777777777778
2.41666666666667
2.38888888888889
2.44444444444444
2.50000000000000
2.41666666666667
2.38888888888889
2.22222222222222
1.94444444444444
1.38888888888889
1.16666666666667
0.722222222222222
0.277777777777778
0
0.0277777777777778
0.166666666666667
0.444444444444445
1
1.91666666666667
2.77777777777778
3.55555555555556
3.88888888888889
4.02777777777778
4.44444444444445
5.02777777777778
5.55555555555556
5.83333333333333
5.88888888888889
5.91666666666667
5.94444444444444
6.02777777777778
6.25000000000000
6.38888888888889
6.61111111111111
6.80555555555556
6.94444444444445
6.91666666666667
6.88888888888889
6.94444444444445
7.05555555555556
7.16666666666667
7.22222222222222
7.33333333333333
7.38888888888889
7.47222222222222
7.50000000000000
7.50000000000000
7.50000000000000
7.47222222222222
7.44444444444445
7.44444444444445
7.36111111111111
7.33333333333333
7.22222222222222
7.08333333333333
6.83333333333333
6.52777777777778
5.97222222222222
5.55555555555556
4.86111111111111
4.44444444444445
3.88888888888889
2.97222222222222
2.05555555555556
1.13888888888889
0.222222222222222
0
0
0
0
0
0
0
0
0
0
0
0
0
0
0
0
0.583333333333333
1.50000000000000
2.41666666666667
3.33333333333333
4.25000000000000
5.16666666666667
5.86111111111111
6.38888888888889
6.52777777777778
6.38888888888889
6.25000000000000
5.55555555555556
4.63888888888889
3.72222222222222
2.80555555555556
1.88888888888889
0.972222222222222
0.0555555555555556
0
0
0
0
0
0
0
0
0
0
0.0555555555555556
0.416666666666667
0.972222222222222
1.80555555555556
2.72222222222222
3.33333333333333
3.58333333333333
3.61111111111111
3.50000000000000
3.55555555555556
3.63888888888889
3.63888888888889
3.88888888888889
4.30555555555556
4.72222222222222
5.16666666666667
5.47222222222222
5.83333333333333
5.97222222222222
6.05555555555556
6.05555555555556
5.97222222222222
5.88888888888889
5.97222222222222
6.05555555555556
6.11111111111111
6.08333333333333
6.02777777777778
5.97222222222222
5.97222222222222
5.94444444444444
5.58333333333333
5.41666666666667
5.33333333333333
5.44444444444445
5.50000000000000
5.55555555555556
5.41666666666667
4.86111111111111
4.30555555555556
3.61111111111111
2.77777777777778
2.22222222222222
1.66666666666667
1.11111111111111
0.694444444444444
0.194444444444444
0
0
0
0
0
0
0
0
0.277777777777778
0.277777777777778
0.277777777777778
0.277777777777778
0.277777777777778
0.444444444444445
0.833333333333333
1.11111111111111
1.38888888888889
1.75000000000000
2.22222222222222
2.77777777777778
2.91666666666667
2.63888888888889
2.36111111111111
2.11111111111111
2.44444444444444
3.05555555555556
3.88888888888889
4.72222222222222
5.41666666666667
5.83333333333333
6.05555555555556
6.16666666666667
6.38888888888889
6.55555555555556
6.69444444444445
6.80555555555556
6.80555555555556
6.66666666666667
6.52777777777778
6.52777777777778
6.52777777777778
6.52777777777778
6.52777777777778
6.52777777777778
6.66666666666667
6.69444444444445
6.80555555555556
6.86111111111111
6.94444444444445
7.05555555555556
7.11111111111111
7.13888888888889
7.22222222222222
7.27777777777778
7.50000000000000
7.72222222222222
7.86111111111111
8.05555555555556
8.08333333333333
8.05555555555556
7.77777777777778
6.86111111111111
5.94444444444444
5.02777777777778
4.11111111111111
3.19444444444444
2.27777777777778
1.36111111111111
0.444444444444445
0
0
0
0
0
0
0
0
0
0
0
0
0
0
0
0
0
0
0
0
0
0
0
0
0
0.416666666666667
1.33333333333333
2.25000000000000
3.16666666666667
3.66666666666667
4.19444444444445
4.66666666666667
5.08333333333333
5.41666666666667
5.63888888888889
5.91666666666667
6.08333333333333
6.13888888888889
6.22222222222222
6.11111111111111
6
5.86111111111111
5.69444444444445
5.55555555555556
5.44444444444445
5.13888888888889
4.86111111111111
4.58333333333333
4.30555555555556
3.88888888888889
3.05555555555556
2.22222222222222
1.44444444444444
0.694444444444444
0
0
0
0
0
0
0
0
0
0
0
0
0
0
0
0
0
0
0
0
0
0
0
0
0
0
0
0
0
0
0
0
0
0
0
0
0
0
0
0
0
0
0
0
0
0
0
0
0
0
0
0
0
0
0
0
0
0
0
0
0
0
0
0