0
0
0
0
0
0
0
0
0
0
0
0
0
0
0
0
0
0
0
0
0
0
0
0
0
0
0
0
0
0
0
0
0
0
0
0
0
0
0
0
0
0
0
0
0
0
0
0
0
0
0
0
0
0
0
0
0
0
0
0
1.50000000000000
2.20000000000000
2.20000000000000
2.20000000000000
1.80000000000000
1.50000000000000
0.700000000000000
0.400000000000000
0.700000000000000
1.50000000000000
0.700000000000000
0
0
0.400000000000000
1.10000000000000
1.50000000000000
2.20000000000000
0.400000000000000
0
0
0
14.2000000000000
14.2000000000000
14.2000000000000
14.2000000000000
14.2000000000000
14.2000000000000
14.2000000000000
14.2000000000000
14.2000000000000
14.2000000000000
14.2000000000000
14.2000000000000
14.2000000000000
14.2000000000000
14.2000000000000
14.2000000000000
14.2000000000000
14.2000000000000
13.5000000000000
12.1000000000000
9.90000000000000
8.50000000000000
7.70000000000000
5.10000000000000
3.70000000000000
2.60000000000000
2.20000000000000
1.80000000000000
1.10000000000000
0.400000000000000
1.10000000000000
0.700000000000000
1.10000000000000
0.700000000000000
0
28.9000000000000
28.9000000000000
28.9000000000000
28.9000000000000
28.9000000000000
28.9000000000000
28.9000000000000
28.9000000000000
28.9000000000000
28.9000000000000
28.9000000000000
28.9000000000000
28.9000000000000
28.9000000000000
28.9000000000000
28.9000000000000
28.9000000000000
28.9000000000000
28.9000000000000
28.9000000000000
28.9000000000000
28.9000000000000
28.9000000000000
28.9000000000000
28.9000000000000
29.2000000000000
30.3000000000000
30.3000000000000
31.1000000000000
31.1000000000000
31.1000000000000
31.4000000000000
31.4000000000000
31.8000000000000
31.8000000000000
31.8000000000000
32.2000000000000
32.2000000000000
32.2000000000000
32.2000000000000
32.5000000000000
32.9000000000000
32.5000000000000
32.5000000000000
32.2000000000000
31.4000000000000
31.4000000000000
31.1000000000000
31.1000000000000
31.1000000000000
30.7000000000000
30.7000000000000
30.3000000000000
29.6000000000000
28.9000000000000
27.8000000000000
26.7000000000000
25.9000000000000
25.2000000000000
25.2000000000000
24.8000000000000
25.2000000000000
25.2000000000000
24.8000000000000
25.2000000000000
24.8000000000000
24.8000000000000
24.8000000000000
24.8000000000000
25.2000000000000
25.6000000000000
25.2000000000000
25.9000000000000
26.3000000000000
26.3000000000000
27
27
27
27
27
27.4000000000000
27
27.4000000000000
27.4000000000000
28.1000000000000
28.5000000000000
29.2000000000000
29.6000000000000
30.3000000000000
31.4000000000000
31.8000000000000
32.2000000000000
33.2000000000000
34
34.3000000000000
35.4000000000000
35.8000000000000
36.9000000000000
37.3000000000000
37.6000000000000
37.3000000000000
37.6000000000000
36.5000000000000
36.9000000000000
36.2000000000000
36.2000000000000
35.8000000000000
36.2000000000000
36.2000000000000
35.8000000000000
35.8000000000000
36.2000000000000
35.8000000000000
36.2000000000000
35.8000000000000
36.2000000000000
35.4000000000000
35.8000000000000
35.4000000000000
35.1000000000000
35.1000000000000
35.1000000000000
34.7000000000000
34.7000000000000
34.3000000000000
34
33.2000000000000
32.9000000000000
31.4000000000000
29.6000000000000
27.6000000000000
25.6000000000000
23.6000000000000
21.6000000000000
19.6000000000000
17.6000000000000
15.6000000000000
13.6000000000000
12.1000000000000
11.3000000000000
35.4000000000000
35.4000000000000
35.4000000000000
35.4000000000000
35.4000000000000
35.4000000000000
35.4000000000000
35.4000000000000
35.4000000000000
35.4000000000000
35.4000000000000
35.4000000000000
35.4000000000000
35.4000000000000
35.4000000000000
35.4000000000000
35.4000000000000
35.4000000000000
35.4000000000000
35.4000000000000
35.4000000000000
35.4000000000000
35.4000000000000
35.4000000000000
35.1000000000000
34.7000000000000
34.3000000000000
34
33.6000000000000
32.9000000000000
32.5000000000000
31.8000000000000
31.4000000000000
29.6000000000000
28.5000000000000
27
25.6000000000000
23.6000000000000
21.6000000000000
19.6000000000000
17.6000000000000
15.6000000000000
13.6000000000000
11.6000000000000
9.60000000000000
8.80000000000000
8
8
6.90000000000000
6.60000000000000
4
0.700000000000000
0.700000000000000
2.60000000000000
2.90000000000000
3.30000000000000
3.30000000000000
3.70000000000000
3.70000000000000
3.30000000000000
2.90000000000000
2.90000000000000
2.90000000000000
2.60000000000000
2.90000000000000
2.60000000000000
2.60000000000000
2.20000000000000
2.20000000000000
1.80000000000000
2.20000000000000
2.60000000000000
2.60000000000000
2.60000000000000
2.20000000000000
1.80000000000000
1.50000000000000
1.10000000000000
0.400000000000000
0.700000000000000
0.400000000000000
0.400000000000000
0
0
0
0
0
0
0
0
0
0
0
0
0
0
0
0
0
0
0
0
0
0
0
0
0
0
0
0
0
0
0
0
0
0
0
0
0
0
0
0
0
0
0
0
0
0
0
0
0
0
0
0
0
0
0
0
0
0
0
0
30
30
30
30
30
30
30
30
30
30
30
30
30
30
30
30
30
30
30
30
30
30
30
30
30
30
30
30
30
30
30
30
30
30.3000000000000
30
30
30
29.6000000000000
30
30
30
30.3000000000000
30
30.7000000000000
30.7000000000000
31.1000000000000
31.4000000000000
31.8000000000000
32.2000000000000
32.5000000000000
32.9000000000000
32.9000000000000
33.2000000000000
33.6000000000000
33.2000000000000
33.6000000000000
33.6000000000000
33.6000000000000
33.2000000000000
33.6000000000000
33.6000000000000
33.6000000000000
34
33.6000000000000
34
34
33.6000000000000
34
33.2000000000000
33.2000000000000
32.9000000000000
32.9000000000000
32.5000000000000
32.5000000000000
31.8000000000000
32.2000000000000
31.8000000000000
31.1000000000000
30.7000000000000
30.3000000000000
28.5000000000000
26.5000000000000
24.5000000000000
22.5000000000000
20.5000000000000
18.5000000000000
16.5000000000000
14.5000000000000
12.5000000000000
11.7000000000000
12.4000000000000
12.4000000000000
12.8000000000000
13.5000000000000
13.9000000000000
14.6000000000000
15.7000000000000
16.4000000000000
17.2000000000000
17.5000000000000
17.9000000000000
17.9000000000000
18.3000000000000
18.3000000000000
19.4000000000000
20.1000000000000
21.6000000000000
22.3000000000000
23.4000000000000
24.5000000000000
25.6000000000000
25.6000000000000
25.6000000000000
24.5000000000000
23.4000000000000
21.9000000000000
21.6000000000000
21.2000000000000
21.6000000000000
21.6000000000000
21.9000000000000
23
23.4000000000000
24.5000000000000
25.6000000000000
26.7000000000000
27.8000000000000
28.9000000000000
29.6000000000000
30
30.3000000000000
29.6000000000000
29.6000000000000
29.6000000000000
29.6000000000000
30
30
30.3000000000000
30.3000000000000
30.3000000000000
30.3000000000000
30.7000000000000
30.3000000000000
31.1000000000000
30.7000000000000
30.7000000000000
30.7000000000000
31.1000000000000
31.1000000000000
31.1000000000000
31.1000000000000
31.1000000000000
30.7000000000000
30.3000000000000
29.6000000000000
29.2000000000000
28.9000000000000
27.4000000000000
25.6000000000000
23.6000000000000
21.6000000000000
19.6000000000000
17.6000000000000
16.8000000000000
16.1000000000000
15
12.8000000000000
10.8000000000000
8.80000000000000
6.80000000000000
5.80000000000000
5.50000000000000
5.50000000000000
5.80000000000000
6.20000000000000
5.80000000000000
6.20000000000000
6.20000000000000
5.50000000000000
5.50000000000000
5.50000000000000
5.80000000000000
5.10000000000000
4.70000000000000
4.40000000000000
3.70000000000000
2.90000000000000
2.20000000000000
1.50000000000000
1.80000000000000
2.60000000000000
3.70000000000000
4.40000000000000
3.70000000000000
3.70000000000000
1.50000000000000
0.700000000000000
2.60000000000000
2.90000000000000
2.90000000000000
2.90000000000000
2.60000000000000
2.20000000000000
2.20000000000000
1.80000000000000
1.50000000000000
1.50000000000000
1.50000000000000
1.50000000000000
1.50000000000000
1.10000000000000
0.400000000000000
0.400000000000000
0.400000000000000
0.400000000000000
0.400000000000000
0
0
0
0
0
0
0
0
0
0
0
0
0
0
0
0
0
0
0
0
0
0
0
0
0
0
0
0
0
0
0
0
0
0
0
0
0
0
0
0
0
0
0
0
0
0
0
0
0
0
0
0
0
0
0
0
0
0
0
0
1.50000000000000
3.30000000000000
4.40000000000000
5.10000000000000
4.70000000000000
5.50000000000000
6.60000000000000
6.60000000000000
7.30000000000000
7.70000000000000
8
8
6.90000000000000
5.80000000000000
4
3.30000000000000
4.40000000000000
5.50000000000000
7.30000000000000
9.10000000000000
11
12.4000000000000
13.9000000000000
15
16.1000000000000
17.5000000000000
18.3000000000000
20.1000000000000
20.8000000000000
21.2000000000000
21.2000000000000
20.8000000000000
20.5000000000000
19.7000000000000
19
17.2000000000000
16.1000000000000
15.3000000000000
15.3000000000000
15.3000000000000
16.1000000000000
16.4000000000000
17.2000000000000
18.6000000000000
19.7000000000000
20.5000000000000
20.8000000000000
20.5000000000000
20.1000000000000
19.7000000000000
19
18.6000000000000
17.5000000000000
16.8000000000000
16.8000000000000
16.8000000000000
17.9000000000000
19
20.1000000000000
21.6000000000000
21.6000000000000
22.3000000000000
22.7000000000000
22.7000000000000
22.3000000000000
21.9000000000000
20.1000000000000
18.3000000000000
17.5000000000000
18.3000000000000
19
19.7000000000000
21.2000000000000
21.9000000000000
23.4000000000000
23.7000000000000
24.5000000000000
25.6000000000000
25.9000000000000
26.7000000000000
27
27.4000000000000
27.4000000000000
27
26.7000000000000
27
27
27
26.7000000000000
26.7000000000000
26.3000000000000
25.6000000000000
23.4000000000000
21.4000000000000
19.4000000000000
17.4000000000000
15.4000000000000
13.4000000000000
11.4000000000000
9.40000000000000
7.40000000000000
5.40000000000000
3.40000000000000
1.40000000000000
0.700000000000000
1.10000000000000
0.400000000000000
0
0
0
26.3000000000000
26.3000000000000
26.3000000000000
26.3000000000000
26.3000000000000
26.3000000000000
26.3000000000000
26.3000000000000
26.3000000000000
26.3000000000000
26.3000000000000
26.3000000000000
26.3000000000000
26.3000000000000
26.3000000000000
26.3000000000000
25.9000000000000
25.6000000000000
25.2000000000000
23.4000000000000
21.4000000000000
19.4000000000000
17.4000000000000
15.4000000000000
13.4000000000000
11.4000000000000
9.40000000000000
7.40000000000000
6.20000000000000
31.4000000000000
31.4000000000000
31.4000000000000
31.4000000000000
31.4000000000000
31.4000000000000
31.4000000000000
31.4000000000000
31.4000000000000
31.4000000000000
31.4000000000000
31.4000000000000
31.4000000000000
31.4000000000000
31.4000000000000
31.4000000000000
31.4000000000000
31.4000000000000
31.4000000000000
31.4000000000000
31.4000000000000
31.4000000000000
31.4000000000000
31.1000000000000
31.1000000000000
30.7000000000000
30
29.2000000000000
28.1000000000000
25.9000000000000
23.9000000000000
21.9000000000000
19.9000000000000
17.9000000000000
15.9000000000000
13.9000000000000
11.9000000000000
9.90000000000000
7.90000000000000
5.90000000000000
3.90000000000000
1.90000000000000
0
0
0
0
0
0
0
0
0
40.9000000000000
40.9000000000000
40.9000000000000
40.9000000000000
40.9000000000000
40.9000000000000
40.9000000000000
40.9000000000000
40.9000000000000
40.9000000000000
40.9000000000000
40.9000000000000
40.9000000000000
40.9000000000000
40.9000000000000
40.9000000000000
40.9000000000000
40.9000000000000
40.9000000000000
40.9000000000000
40.9000000000000
40.9000000000000
40.9000000000000
40.9000000000000
40.9000000000000
40.9000000000000
40.9000000000000
40.9000000000000
40.9000000000000
40.9000000000000
40.9000000000000
40.9000000000000
40.9000000000000
40.9000000000000
40.9000000000000
40.9000000000000
40.9000000000000
40.9000000000000
40.9000000000000
40.9000000000000
40.9000000000000
41.6000000000000
42.4000000000000
43.1000000000000
43.8000000000000
43.8000000000000
43.5000000000000
43.1000000000000
42.7000000000000
41.6000000000000
41.3000000000000
40.6000000000000
39.8000000000000
39.5000000000000
39.5000000000000
39.5000000000000
40.2000000000000
40.2000000000000
40.6000000000000
40.2000000000000
40.9000000000000
41.3000000000000
41.6000000000000
42.4000000000000
42.4000000000000
43.1000000000000
43.1000000000000
42.7000000000000
42.7000000000000
42.4000000000000
41.3000000000000
40.2000000000000
38.4000000000000
36.9000000000000
34.9000000000000
32.9000000000000
30.9000000000000
28.9000000000000
26.9000000000000
24.9000000000000
22.9000000000000
20.9000000000000
18.9000000000000
16.9000000000000
14.9000000000000
12.9000000000000
10.9000000000000
8.90000000000000
6.90000000000000
5.50000000000000
6.20000000000000
6.90000000000000
7.70000000000000
9.10000000000000
11.3000000000000
12.1000000000000
13.2000000000000
13.5000000000000
13.5000000000000
13.2000000000000
12.1000000000000
9.90000000000000
8
5.80000000000000
5.80000000000000
6.20000000000000
6.20000000000000
6.20000000000000
6.60000000000000
5.80000000000000
5.50000000000000
5.10000000000000
5.50000000000000
5.10000000000000
4.40000000000000
2.90000000000000
0.700000000000000
0.700000000000000
1.80000000000000
2.20000000000000
2.60000000000000
2.90000000000000
3.70000000000000
3.30000000000000
3.30000000000000
2.90000000000000
2.60000000000000
2.20000000000000
2.60000000000000
2.60000000000000
2.60000000000000
2.20000000000000
2.20000000000000
2.20000000000000
1.80000000000000
2.20000000000000
1.50000000000000
1.80000000000000
1.50000000000000
1.50000000000000
1.80000000000000
1.50000000000000
1.10000000000000
1.50000000000000
1.80000000000000
1.80000000000000
1.80000000000000
1.80000000000000
1.80000000000000
1.80000000000000
1.80000000000000
1.80000000000000
1.80000000000000
1.80000000000000
1.80000000000000
1.80000000000000
2.20000000000000
1.80000000000000
0.700000000000000
0
1.80000000000000
4
5.10000000000000
4
2.20000000000000
0.700000000000000
0.700000000000000
2.20000000000000
2.60000000000000
2.60000000000000
2.60000000000000
2.60000000000000
2.60000000000000
2.90000000000000
2.90000000000000
3.30000000000000
3.70000000000000
3.70000000000000
3.30000000000000
2.90000000000000
2.90000000000000
2.90000000000000
2.90000000000000
2.90000000000000
2.90000000000000
3.30000000000000
3.30000000000000
2.90000000000000
2.90000000000000
2.60000000000000
0.400000000000000
0
1.80000000000000
2.60000000000000
2.60000000000000
1.50000000000000
0.400000000000000
0
0
0
0
0
0
0
0
0
0
0
0
0
0
0
0
0
0
0
0
0
0
0
0
0
0
0
0
0
0
0
0
0
0
0
0
0
0
0
0
0
0
0
0
0
0
0
0
0
0
0
0
0
0
0
0
0
0
0
0
0.200000000000000
0.400000000000000
0.400000000000000
0.300000000000000
0.600000000000000
0.200000000000000
0.500000000000000
0.500000000000000
0
0
0
0
0
0
0.300000000000000
0.200000000000000
0.300000000000000
0.200000000000000
0.900000000000000
1
0.300000000000000
0.100000000000000
0.200000000000000
0.100000000000000
0.300000000000000
0.300000000000000
1.40000000000000
2.50000000000000
3.40000000000000
4.30000000000000
5.20000000000000
6.20000000000000
7.20000000000000
8.20000000000000
9.10000000000000
9.40000000000000
8.60000000000000
7.40000000000000
5.40000000000000
3.40000000000000
2.70000000000000
0.900000000000000
0.200000000000000
0.200000000000000
0.500000000000000
0.400000000000000
0.200000000000000
0.100000000000000
0.200000000000000
0
0
0
0
0
0.100000000000000
0.900000000000000
1.20000000000000
0.900000000000000
0.200000000000000
0
0
0
16.6000000000000
16.6000000000000
16.6000000000000
16.6000000000000
16.6000000000000
16.6000000000000
16.6000000000000
16.6000000000000
16.6000000000000
16.6000000000000
16.6000000000000
16.6000000000000
16.6000000000000
16.6000000000000
16.3000000000000
15.7000000000000
15.6000000000000
15.9000000000000
16.3000000000000
16.7000000000000
16.9000000000000
16.1000000000000
14.7000000000000
12.7000000000000
10.7000000000000
8.70000000000000
6.70000000000000
4.70000000000000
3.20000000000000
2.10000000000000
1.10000000000000
1
0.900000000000000
1.40000000000000
1.80000000000000
0.900000000000000
0.100000000000000
0
0
0
0
0
0
0
0
0
0
0
0
0
0
0
0
0
0
0
0
0
0
0
0
0
26.6000000000000
26.6000000000000
26.6000000000000
26.6000000000000
26.6000000000000
26.6000000000000
26.6000000000000
26.6000000000000
26.6000000000000
26.6000000000000
26.6000000000000
26.6000000000000
26.6000000000000
26.6000000000000
26.6000000000000
26.6000000000000
26.6000000000000
26.6000000000000
26.6000000000000
26.6000000000000
26.6000000000000
26.6000000000000
26.6000000000000
26.6000000000000
26.6000000000000
26.6000000000000
26.6000000000000
26.6000000000000
26.6000000000000
26.6000000000000
26.6000000000000
26.6000000000000
26.6000000000000
26.6000000000000
25.8000000000000
24.7000000000000
24.3000000000000
24.3000000000000
24.6000000000000
25.1000000000000
25.8000000000000
26.7000000000000
27.8000000000000
28.8000000000000
28.2000000000000
26.8000000000000
24.8000000000000
22.8000000000000
20.8000000000000
18.8000000000000
16.8000000000000
14.8000000000000
12.8000000000000
10.8000000000000
8.80000000000000
7
26.5000000000000
26.5000000000000
26.5000000000000
26.5000000000000
26.5000000000000
26.5000000000000
26.5000000000000
26.5000000000000
26.5000000000000
26.5000000000000
26.5000000000000
26.5000000000000
26.5000000000000
26.5000000000000
26.5000000000000
26.5000000000000
26.5000000000000
26.5000000000000
26.5000000000000
26.5000000000000
26.5000000000000
26.5000000000000
26.5000000000000
26.5000000000000
26.3000000000000
25.6000000000000
23.4000000000000
22.5000000000000
21.9000000000000
21.2000000000000
20.9000000000000
21
21.3000000000000
21.7000000000000
22.1000000000000
22.9000000000000
23.8000000000000
24.6000000000000
25.7000000000000
26.8000000000000
28.2000000000000
29.4000000000000
30.5000000000000
31.3000000000000
32.1000000000000
32.7000000000000
33.3000000000000
33.2000000000000
32.9000000000000
32.8000000000000
32.6000000000000
32.5000000000000
32.6000000000000
32.8000000000000
32.9000000000000
32.7000000000000
31.9000000000000
31
30.1000000000000
29.2000000000000
28.2000000000000
27.1000000000000
26.2000000000000
25.4000000000000
24.9000000000000
24.6000000000000
24.6000000000000
24.4000000000000
24.5000000000000
24.4000000000000
24.3000000000000
24.3000000000000
24.3000000000000
24.4000000000000
24.4000000000000
24.5000000000000
24.6000000000000
24.7000000000000
24.8000000000000
24.9000000000000
25
25.1000000000000
25.3000000000000
25.4000000000000
25.6000000000000
25.7000000000000
26
26.1000000000000
25.8000000000000
25.1000000000000
24.1000000000000
21.9000000000000
19.9000000000000
17.9000000000000
15.9000000000000
13.9000000000000
11.9000000000000
9.90000000000000
7.90000000000000
5.90000000000000
3.90000000000000
3.90000000000000
2.30000000000000
1.50000000000000
0.500000000000000
0
0
0
0
0
0
0
0
0
0
32.3000000000000
32.3000000000000
32.3000000000000
32.3000000000000
32.3000000000000
32.3000000000000
32.3000000000000
32.3000000000000
32.3000000000000
32.3000000000000
32.3000000000000
32.3000000000000
32.3000000000000
32.3000000000000
32.3000000000000
32.3000000000000
32.3000000000000
32.3000000000000
32.3000000000000
32.3000000000000
32.3000000000000
32.3000000000000
32.3000000000000
32.3000000000000
32.3000000000000
32.3000000000000
32.3000000000000
32.3000000000000
32
31.5000000000000
30.9000000000000
28.7000000000000
26.6000000000000
25.1000000000000
23.9000000000000
22.6000000000000
20.6000000000000
18.6000000000000
16.6000000000000
14.6000000000000
12.6000000000000
10.6000000000000
8.60000000000000
6.60000000000000
5.70000000000000
3.90000000000000
2.40000000000000
1.80000000000000
0.400000000000000
0
0
0
0
0
0
0
0
27.4000000000000
27.4000000000000
27.4000000000000
27.4000000000000
27.4000000000000
27.4000000000000
27.4000000000000
27.4000000000000
27.4000000000000
27.4000000000000
27.4000000000000
27.4000000000000
27.4000000000000
27.4000000000000
27.4000000000000
27.4000000000000
27.4000000000000
27.4000000000000
27.4000000000000
27.4000000000000
27.4000000000000
27.4000000000000
27.4000000000000
27.4000000000000
27.4000000000000
27.4000000000000
26.7000000000000
26.8000000000000
26.9000000000000
27.5000000000000
28.1000000000000
28.7000000000000
29.4000000000000
30.1000000000000
30.8000000000000
31.5000000000000
32
32.4000000000000
32.8000000000000
33
33
32.3000000000000
31.2000000000000
30.2000000000000
29.2000000000000
28.2000000000000
27.1000000000000
26
24
22
20
18
16
14
12
10
8
6
4
2
0.100000000000000
0.100000000000000
0
0
0
0
0
0
0
32.8000000000000
32.8000000000000
32.8000000000000
32.8000000000000
32.8000000000000
32.8000000000000
32.8000000000000
32.8000000000000
32.8000000000000
32.8000000000000
32.8000000000000
32.8000000000000
32.8000000000000
32.8000000000000
32.8000000000000
32.8000000000000
32.8000000000000
32.8000000000000
32.8000000000000
32.8000000000000
32.8000000000000
32.8000000000000
32.8000000000000
32.8000000000000
32.8000000000000
32.8000000000000
32.8000000000000
32.8000000000000
32.8000000000000
32.8000000000000
32.8000000000000
32.8000000000000
32.8000000000000
32.8000000000000
32.8000000000000
32.8000000000000
32.8000000000000
32.8000000000000
32.8000000000000
32.8000000000000
32.8000000000000
32.8000000000000
32.8000000000000
32.8000000000000
32.8000000000000
32.8000000000000
32.8000000000000
32.8000000000000
32.8000000000000
32.8000000000000
32.8000000000000
32.8000000000000
32.8000000000000
32.8000000000000
32.8000000000000
32.8000000000000
32.8000000000000
32.8000000000000
32.8000000000000
32.8000000000000
32.8000000000000
32.8000000000000
33.1000000000000
33.2000000000000
33.6000000000000
33.9000000000000
34
33.9000000000000
33.7000000000000
33.5000000000000
33.2000000000000
33
32.9000000000000
32
31.4000000000000
31.3000000000000
31.2000000000000
31.1000000000000
31.1000000000000
31.1000000000000
31
31
31.6000000000000
32.3000000000000
33.2000000000000
34.1000000000000
35
35.4000000000000
35.8000000000000
35.2000000000000
34.2000000000000
33.2000000000000
32.2000000000000
30.7000000000000
29
27
25
23
21
19
17
15
13
11
9
7
5
3
1.50000000000000
1.20000000000000
1.50000000000000
2.70000000000000
4.30000000000000
5.70000000000000
6.90000000000000
8.10000000000000
9.10000000000000
9.70000000000000
9.70000000000000
7.60000000000000
5.50000000000000
1.50000000000000
1.70000000000000
1.70000000000000
0.400000000000000
1.70000000000000
2.90000000000000
3.40000000000000
3.80000000000000
3.70000000000000
3.40000000000000
2.90000000000000
2.60000000000000
2.70000000000000
2.60000000000000
2.50000000000000
2.30000000000000
1.80000000000000
1.80000000000000
2.10000000000000
2.10000000000000
1.70000000000000
1.80000000000000
2.20000000000000
2.30000000000000
2.60000000000000
2.30000000000000
1.20000000000000
0.400000000000000
1
1.40000000000000
2.10000000000000
2.70000000000000
1.70000000000000
0.900000000000000
0.700000000000000
0.600000000000000
2
3.10000000000000
3.40000000000000
3.40000000000000
3.40000000000000
3.50000000000000
3.50000000000000
3.30000000000000
3.10000000000000
2.90000000000000
2.20000000000000
1
0.900000000000000
1.10000000000000
1.40000000000000
1.20000000000000
1
0.400000000000000
0.200000000000000
0.600000000000000
0.300000000000000
0
0
0
0
0
0
0
0
0
0
0
0
0
0
0
0
0
0
0
0
0
0
0
0
0
0
0
0
0
0
0
0
0
0
0
0
0
0
0
0
0
0
0
0
0
0
0
0
0
0
0
0
0
0
0
0
0
0
0
0