0
0
0
0
0
0
0.0100000000000000
0.0100000000000000
0
0
0
0.0100000000000000
0.0500000000000000
0.0200000000000000
0.0900000000000000
0.0300000000000000
0.0700000000000000
2.90000000000000
7.63000000000000
10.5400000000000
11.6800000000000
13.3700000000000
15.0500000000000
16.5100000000000
17.6900000000000
18.3400000000000
19.2200000000000
20.1900000000000
21.0700000000000
21.8600000000000
22.0900000000000
21.8600000000000
22.5300000000000
23.0100000000000
23.1200000000000
23.9800000000000
23.9600000000000
24.3300000000000
25.1100000000000
24.9100000000000
25.0500000000000
24.9200000000000
24.1600000000000
23.9400000000000
24.0700000000000
23.9600000000000
24.1000000000000
24.8200000000000
25.5100000000000
26.6500000000000
28.0100000000000
28.9700000000000
29.7300000000000
30.2300000000000
30.8300000000000
31.3700000000000
31.9900000000000
33.0200000000000
33.4500000000000
33.7600000000000
35.2900000000000
37.3600000000000
39.4400000000000
41.3000000000000
42.9700000000000
44.3400000000000
44.9300000000000
45.7800000000000
47.0300000000000
48.2600000000000
48.9700000000000
49.0400000000000
49.8300000000000
50.0700000000000
49.4700000000000
48.6800000000000
48.1600000000000
48.7900000000000
49.0400000000000
48.5400000000000
47.6400000000000
46.7700000000000
46.0100000000000
44.9100000000000
43.7200000000000
41.6800000000000
40.2100000000000
39.5700000000000
38.9200000000000
39.6700000000000
40.0800000000000
39.9800000000000
39.6800000000000
38.6400000000000
38.0400000000000
37.9700000000000
38.0600000000000
37.9100000000000
38.3700000000000
39.0200000000000
39.0200000000000
38.9600000000000
39.0600000000000
39.7900000000000
40.0900000000000
39.9600000000000
39.9900000000000
40.2500000000000
41.1000000000000
41.8400000000000
42.0300000000000
41.9900000000000
41.9800000000000
42.0400000000000
41.9200000000000
42.2500000000000
43.0200000000000
42.9800000000000
42.9600000000000
42.4800000000000
40.5500000000000
39.7200000000000
40.1800000000000
39.5400000000000
38.0400000000000
37.0600000000000
37.2500000000000
37.9500000000000
38.5700000000000
39.4700000000000
40.4300000000000
41.4800000000000
42.7900000000000
43.6800000000000
44.1600000000000
44.9200000000000
44.9700000000000
45.2000000000000
45.9700000000000
46.6900000000000
47.1100000000000
46.8700000000000
47.5600000000000
47.9800000000000
48.1400000000000
48.7100000000000
48.0500000000000
46
42.7100000000000
40.5000000000000
40.1300000000000
39.4500000000000
38.9300000000000
39.8000000000000
40.6700000000000
41.3300000000000
41.9600000000000
42.0400000000000
41.8900000000000
41.2800000000000
41.0500000000000
41
40.9800000000000
41.0400000000000
40.2500000000000
39.9400000000000
40.0300000000000
39.9700000000000
40.0300000000000
39.9500000000000
40.0900000000000
39.5500000000000
38.9600000000000
38.9900000000000
39.0500000000000
38.8800000000000
38.1600000000000
37.9100000000000
38.0700000000000
37.9700000000000
37.3500000000000
36.9000000000000
37.0400000000000
37.0400000000000
36.3900000000000
35.9400000000000
35.9900000000000
36.0600000000000
35.7300000000000
34.9900000000000
35
34.9800000000000
34.2300000000000
33.5900000000000
32.9900000000000
32.9500000000000
34.2300000000000
35.0900000000000
35
34.9300000000000
35.3400000000000
36.0400000000000
35.9900000000000
36
36.0100000000000
36.0200000000000
36.8700000000000
37.0700000000000
36.9000000000000
37.5500000000000
38.0500000000000
37.9900000000000
38.0200000000000
38.8700000000000
39.1000000000000
38.9700000000000
39.4000000000000
40.3600000000000
45.9200000000000
52.8300000000000
57.3200000000000
62.4600000000000
66.8100000000000
71.0400000000000
74.0300000000000
72.6600000000000
65.9300000000000
54.7200000000000
46.4500000000000
38.4900000000000
32.6900000000000
35.7200000000000
41.2300000000000
47.8200000000000
53.5100000000000
57.6000000000000
62.5700000000000
66.7600000000000
70.8100000000000
73.8500000000000
76.6400000000000
79.9700000000000
82.6800000000000
85.3100000000000
87.8000000000000
90.0200000000000
91.3200000000000
92.3200000000000
88.6000000000000
78.6000000000000
69.9500000000000
65.8900000000000
65.8400000000000
66.3300000000000
64.6700000000000
64.1900000000000
66.4300000000000
69.4300000000000
72.3300000000000
75.0400000000000
77.7200000000000
81
83.9400000000000
86.0500000000000
89.2700000000000
85.2500000000000
73.5600000000000
64.7400000000000
60.2100000000000
60.4900000000000
63.1000000000000
66.0100000000000
67.3700000000000
66.8200000000000
68.1100000000000
70.7800000000000
73.0100000000000
75.8500000000000
79.3700000000000
80.1400000000000
77.3900000000000
76.1800000000000
75.7500000000000
74.5000000000000
76.7500000000000
73.3200000000000
63.7200000000000
61.5600000000000
63.8200000000000
66.8700000000000
70.0100000000000
73.0700000000000
76.8700000000000
78.3700000000000
80.5100000000000
83.7400000000000
86.1700000000000
88.7800000000000
90.6400000000000
92.5800000000000
94.2300000000000
96.5600000000000
97.8600000000000
99.7400000000000
100.400000000000
91.8300000000000
81.1400000000000
69.7900000000000
63.6300000000000
66.2200000000000
69.6500000000000
73.1600000000000
75.3700000000000
77.2600000000000
79.3100000000000
82.0300000000000
85.1700000000000
87.5800000000000
89.9800000000000
91.6200000000000
94.0300000000000
95.6500000000000
97.4400000000000
97.8400000000000
84.8100000000000
66.9700000000000
55.3400000000000
47.1300000000000
43.2900000000000
41.2900000000000
42.2300000000000
45.8900000000000
50.4400000000000
56.3000000000000
60.1400000000000
63.9200000000000
68.4300000000000
71.8900000000000
75.4700000000000
78.1100000000000
80.4800000000000
83.7200000000000
85.7100000000000
88.3400000000000
90.3800000000000
92.3200000000000
93.7200000000000
85.5200000000000
75.7600000000000
69.8600000000000
65.8700000000000
65.5800000000000
64.4400000000000
63.9200000000000
64.4100000000000
65.5700000000000
68.8900000000000
71.9500000000000
74.9500000000000
77.7200000000000
80.5000000000000
83.9900000000000
85.9200000000000
89.3700000000000
87.2500000000000
74.8300000000000
66.1500000000000
63.0500000000000
63.4900000000000
66.2700000000000
68.9300000000000
69.9000000000000
67.5700000000000
67.4600000000000
70.5400000000000
73.7500000000000
76.5600000000000
79.0200000000000
79.3800000000000
75.5900000000000
73.8800000000000
74.4000000000000
74.9800000000000
77.2700000000000
69.4900000000000
59.9800000000000
60.2700000000000
61.3900000000000
64.3100000000000
67.8900000000000
71.4900000000000
74.9700000000000
77.1400000000000
80.4900000000000
83.0900000000000
85.6100000000000
88.1800000000000
89.9600000000000
91.8700000000000
93.0400000000000
95.1000000000000
96.6300000000000
97.8700000000000
99.9900000000000
93.9700000000000
79.9300000000000
65.3800000000000
59.1900000000000
62.5400000000000
66.4800000000000
69.9300000000000
72.6400000000000
74.7000000000000
76.7700000000000
79.0200000000000
81.8400000000000
84.3300000000000
86.7500000000000
88.6800000000000
89.8800000000000
92.4500000000000
93.5600000000000
96.1100000000000
94.7300000000000
79.2800000000000
62.7900000000000
50.8500000000000
46.0900000000000
44.8800000000000
41.6400000000000
43.7000000000000
48.5900000000000
53.5100000000000
57.6900000000000
61.5300000000000
65.9000000000000
69.2600000000000
72.7400000000000
75.3000000000000
77.2400000000000
80.0700000000000
82.6100000000000
84.6300000000000
86.9200000000000
88.4400000000000
90.5900000000000
90.7300000000000
81.9900000000000
72.7200000000000
68.4000000000000
66.1700000000000
66.6500000000000
66.1700000000000
63.8100000000000
64.0500000000000
66.3400000000000
68.9400000000000
71.4100000000000
74.1100000000000
76.8800000000000
79.6600000000000
83.0400000000000
84.9500000000000
88.4000000000000
85.0700000000000
73.4000000000000
68.1300000000000
65.8200000000000
65.4200000000000
67.7400000000000
69.8400000000000
70.7100000000000
69.3100000000000
70
72.6900000000000
74.7400000000000
77.9100000000000
80.2400000000000
75.2800000000000
71.2600000000000
72.9100000000000
72.5500000000000
74.4700000000000
75.3400000000000
66.1400000000000
59.0900000000000
59.2600000000000
61.6500000000000
65.1900000000000
68.3400000000000
71.8700000000000
74.9300000000000
77.7900000000000
80.9900000000000
83.6800000000000
86.1000000000000
88.4300000000000
90.0900000000000
91.8200000000000
93.7100000000000
95.6600000000000
97.0900000000000
98.3200000000000
100.430000000000
94.6000000000000
79.3700000000000
63.8500000000000
57.5900000000000
60.9500000000000
65.2800000000000
68.9200000000000
71.6000000000000
73.7800000000000
76.0900000000000
78.5500000000000
81.4300000000000
83.7500000000000
86.0600000000000
87.9600000000000
89.3900000000000
91.7800000000000
92.8500000000000
95.3800000000000
93.9300000000000
81.1200000000000
65.2800000000000
53.0700000000000
49.1500000000000
44.9900000000000
39.5200000000000
40.6200000000000
44.9000000000000
51.1600000000000
56.4800000000000
61
65.8900000000000
69.6500000000000
73.3100000000000
76.3000000000000
78.8600000000000
81.8000000000000
84.2800000000000
86.2400000000000
88.4300000000000
89.8500000000000
91.8500000000000
89.0500000000000
77.8100000000000
69.9100000000000
65.2600000000000
62.0900000000000
64.6700000000000
64.5600000000000
61.3100000000000
62.4300000000000
65
67.4100000000000
70.5100000000000
72.3900000000000
74.3500000000000
76.8300000000000
79.5600000000000
81.4400000000000
83.2300000000000
85.3500000000000
77.4700000000000
65.5000000000000
60.4400000000000
59.5100000000000
62
64.4000000000000
66.0800000000000
67.7700000000000
67.9400000000000
68.9000000000000
70.8600000000000
72.0300000000000
74.0400000000000
75.7600000000000
75.0400000000000
72.8600000000000
71.3200000000000
71.6300000000000
72.9700000000000
74.8600000000000
67.5200000000000
57.9100000000000
58.5500000000000
60.2100000000000
61.9200000000000
64.0500000000000
65.8900000000000
68.2600000000000
69.5800000000000
71.3200000000000
73
74.4800000000000
76.0400000000000
77.1200000000000
78.2900000000000
79.2400000000000
80.1400000000000
81.0800000000000
81.6300000000000
82.7200000000000
82.8100000000000
83.0900000000000
82.1500000000000
74.3500000000000
66.4500000000000
60.4200000000000
53.4600000000000
49.3500000000000
46.0400000000000
42.4100000000000
42.4400000000000
42.6500000000000
39.8900000000000
36.1200000000000
28.3900000000000
22.4700000000000
15.9000000000000
3.29000000000000
0.680000000000000
0.540000000000000
0.200000000000000
0.220000000000000
0.0500000000000000
0.0200000000000000
0.0200000000000000
0.0500000000000000
0.0500000000000000
0.0400000000000000
0.0200000000000000
0
0
0
0
0
0
0
0.0100000000000000
0.0100000000000000
0
0
0
0.0100000000000000
0.0500000000000000
0.0200000000000000
0.0900000000000000
0.0300000000000000
0.0700000000000000
2.90000000000000
7.63000000000000
10.5400000000000
11.6800000000000
13.3700000000000
15.0500000000000
16.5100000000000
17.6900000000000
18.3400000000000
19.2200000000000
20.1900000000000
21.0700000000000
21.8600000000000
22.0900000000000
21.8600000000000
22.5300000000000
23.0100000000000
23.1200000000000
23.9800000000000
23.9600000000000
24.3300000000000
25.1100000000000
24.9100000000000
25.0500000000000
24.9200000000000
24.1600000000000
23.9400000000000
24.0700000000000
23.9600000000000
24.1000000000000
24.8200000000000
25.5100000000000
26.6500000000000
28.0100000000000
28.9700000000000
29.7300000000000
30.2300000000000
30.8300000000000
31.3700000000000
31.9900000000000
33.0200000000000
33.4500000000000
33.7600000000000
35.2900000000000
37.3600000000000
39.4400000000000
41.3000000000000
42.9700000000000
44.3400000000000
44.9300000000000
45.7800000000000
47.0300000000000
48.2600000000000
48.9700000000000
49.0400000000000
49.8300000000000
50.0700000000000
49.4700000000000
48.6800000000000
48.1600000000000
48.7900000000000
49.0400000000000
48.5400000000000
47.6400000000000
46.7700000000000
46.0100000000000
44.9100000000000
43.7200000000000
41.6800000000000
40.2100000000000
39.5700000000000
38.9200000000000
39.6700000000000
40.0800000000000
39.9800000000000
39.6800000000000
38.6400000000000
38.0400000000000
37.9700000000000
38.0600000000000
37.9100000000000
38.3700000000000
39.0200000000000
39.0200000000000
38.9600000000000
39.0600000000000
39.7900000000000
40.0900000000000
39.9600000000000
39.9900000000000
40.2500000000000
41.1000000000000
41.8400000000000
42.0300000000000
41.9900000000000
41.9800000000000
42.0400000000000
41.9200000000000
42.2500000000000
43.0200000000000
42.9800000000000
42.9600000000000
42.4800000000000
40.5500000000000
39.7200000000000
40.1800000000000
39.5400000000000
38.0400000000000
37.0600000000000
37.2500000000000
37.9500000000000
38.5700000000000
39.4700000000000
40.4300000000000
41.4800000000000
42.7900000000000
43.6800000000000
44.1600000000000
44.9200000000000
44.9700000000000
45.2000000000000
45.9700000000000
46.6900000000000
47.1100000000000
46.8700000000000
47.5600000000000
47.9800000000000
48.1400000000000
48.7100000000000
48.0500000000000
46
42.7100000000000
40.5000000000000
40.1300000000000
39.4500000000000
38.9300000000000
39.8000000000000
40.6700000000000
41.3300000000000
41.9600000000000
42.0400000000000
41.8900000000000
41.2800000000000
41.0500000000000
41
40.9800000000000
41.0400000000000
40.2500000000000
39.9400000000000
40.0300000000000
39.9700000000000
40.0300000000000
39.9500000000000
40.0900000000000
39.5500000000000
38.9600000000000
38.9900000000000
39.0500000000000
38.8800000000000
38.1600000000000
37.9100000000000
38.0700000000000
37.9700000000000
37.3500000000000
36.9000000000000
37.0400000000000
37.0400000000000
36.3900000000000
35.9400000000000
35.9900000000000
36.0600000000000
35.7300000000000
34.9900000000000
35
34.9800000000000
34.2300000000000
33.5900000000000
32.9900000000000
32.9500000000000
34.2300000000000
35.0900000000000
35
34.9300000000000
35.3400000000000
36.0400000000000
35.9900000000000
36
36.0100000000000
36.0200000000000
36.8700000000000
37.0700000000000
36.9000000000000
37.5500000000000
38.0500000000000
37.9900000000000
38.0200000000000
38.8700000000000
39.1000000000000
38.9700000000000
39.4000000000000
40.3600000000000
45.9200000000000
52.8300000000000
57.3200000000000
62.4600000000000
66.8100000000000
71.0400000000000
74.0300000000000
72.6600000000000
65.9300000000000
54.7200000000000
46.4500000000000
38.4900000000000
32.6900000000000
35.7200000000000
41.2300000000000
47.8200000000000
53.5100000000000
57.6000000000000
62.5700000000000
66.7600000000000
70.8100000000000
73.8500000000000
76.6400000000000
79.9700000000000
82.6800000000000
85.3100000000000
87.8000000000000
90.0200000000000
91.3200000000000
92.3200000000000
88.6000000000000
78.6000000000000
69.9500000000000
65.8900000000000
65.8400000000000
66.3300000000000
64.6700000000000
64.1900000000000
66.4300000000000
69.4300000000000
72.3300000000000
75.0400000000000
77.7200000000000
81
83.9400000000000
86.0500000000000
89.2700000000000
85.2500000000000
73.5600000000000
64.7400000000000
60.2100000000000
60.4900000000000
63.1000000000000
66.0100000000000
67.3700000000000
66.8200000000000
68.1100000000000
70.7800000000000
73.0100000000000
75.8500000000000
79.3700000000000
80.1400000000000
77.3900000000000
76.1800000000000
75.7500000000000
74.5000000000000
76.7500000000000
73.3200000000000
63.7200000000000
61.5600000000000
63.8200000000000
66.8700000000000
70.0100000000000
73.0700000000000
76.8700000000000
78.3700000000000
80.5100000000000
83.7400000000000
86.1700000000000
88.7800000000000
90.6400000000000
92.5800000000000
94.2300000000000
96.5600000000000
97.8600000000000
99.7400000000000
100.400000000000
91.8300000000000
81.1400000000000
69.7900000000000
63.6300000000000
66.2200000000000
69.6500000000000
73.1600000000000
75.3700000000000
77.2600000000000
79.3100000000000
82.0300000000000
85.1700000000000
87.5800000000000
89.9800000000000
91.6200000000000
94.0300000000000
95.6500000000000
97.4400000000000
97.8400000000000
84.8100000000000
66.9700000000000
55.3400000000000
47.1300000000000
43.2900000000000
41.2900000000000
42.2300000000000
45.8900000000000
50.4400000000000
56.3000000000000
60.1400000000000
63.9200000000000
68.4300000000000
71.8900000000000
75.4700000000000
78.1100000000000
80.4800000000000
83.7200000000000
85.7100000000000
88.3400000000000
90.3800000000000
92.3200000000000
93.7200000000000
85.5200000000000
75.7600000000000
69.8600000000000
65.8700000000000
65.5800000000000
64.4400000000000
63.9200000000000
64.4100000000000
65.5700000000000
68.8900000000000
71.9500000000000
74.9500000000000
77.7200000000000
80.5000000000000
83.9900000000000
85.9200000000000
89.3700000000000
87.2500000000000
74.8300000000000
66.1500000000000
63.0500000000000
63.4900000000000
66.2700000000000
68.9300000000000
69.9000000000000
67.5700000000000
67.4600000000000
70.5400000000000
73.7500000000000
76.5600000000000
79.0200000000000
79.3800000000000
75.5900000000000
73.8800000000000
74.4000000000000
74.9800000000000
77.2700000000000
69.4900000000000
59.9800000000000
60.2700000000000
61.3900000000000
64.3100000000000
67.8900000000000
71.4900000000000
74.9700000000000
77.1400000000000
80.4900000000000
83.0900000000000
85.6100000000000
88.1800000000000
89.9600000000000
91.8700000000000
93.0400000000000
95.1000000000000
96.6300000000000
97.8700000000000
99.9900000000000
93.9700000000000
79.9300000000000
65.3800000000000
59.1900000000000
62.5400000000000
66.4800000000000
69.9300000000000
72.6400000000000
74.7000000000000
76.7700000000000
79.0200000000000
81.8400000000000
84.3300000000000
86.7500000000000
88.6800000000000
89.8800000000000
92.4500000000000
93.5600000000000
96.1100000000000
94.7300000000000
79.2800000000000
62.7900000000000
50.8500000000000
46.0900000000000
44.8800000000000
41.6400000000000
43.7000000000000
48.5900000000000
53.5100000000000
57.6900000000000
61.5300000000000
65.9000000000000
69.2600000000000
72.7400000000000
75.3000000000000
77.2400000000000
80.0700000000000
82.6100000000000
84.6300000000000
86.9200000000000
88.4400000000000
90.5900000000000
90.7300000000000
81.9900000000000
72.7200000000000
68.4000000000000
66.1700000000000
66.6500000000000
66.1700000000000
63.8100000000000
64.0500000000000
66.3400000000000
68.9400000000000
71.4100000000000
74.1100000000000
76.8800000000000
79.6600000000000
83.0400000000000
84.9500000000000
88.4000000000000
85.0700000000000
73.4000000000000
68.1300000000000
65.8200000000000
65.4200000000000
67.7400000000000
69.8400000000000
70.7100000000000
69.3100000000000
70
72.6900000000000
74.7400000000000
77.9100000000000
80.2400000000000
75.2800000000000
71.2600000000000
72.9100000000000
72.5500000000000
74.4700000000000
75.3400000000000
66.1400000000000
59.0900000000000
59.2600000000000
61.6500000000000
65.1900000000000
68.3400000000000
71.8700000000000
74.9300000000000
77.7900000000000
80.9900000000000
83.6800000000000
86.1000000000000
88.4300000000000
90.0900000000000
91.8200000000000
93.7100000000000
95.6600000000000
97.0900000000000
98.3200000000000
100.430000000000
94.6000000000000
79.3700000000000
63.8500000000000
57.5900000000000
60.9500000000000
65.2800000000000
68.9200000000000
71.6000000000000
73.7800000000000
76.0900000000000
78.5500000000000
81.4300000000000
83.7500000000000
86.0600000000000
87.9600000000000
89.3900000000000
91.7800000000000
92.8500000000000
95.3800000000000
93.9300000000000
81.1200000000000
65.2800000000000
53.0700000000000
49.1500000000000
44.9900000000000
39.5200000000000
40.6200000000000
44.9000000000000
51.1600000000000
56.4800000000000
61
65.8900000000000
69.6500000000000
73.3100000000000
76.3000000000000
78.8600000000000
81.8000000000000
84.2800000000000
86.2400000000000
88.4300000000000
89.8500000000000
91.8500000000000
89.0500000000000
77.8100000000000
69.9100000000000
65.2600000000000
62.0900000000000
64.6700000000000
64.5600000000000
61.3100000000000
62.4300000000000
65
67.4100000000000
70.5100000000000
72.3900000000000
74.3500000000000
76.8300000000000
79.5600000000000
81.4400000000000
83.2300000000000
85.3500000000000
77.4700000000000
65.5000000000000
60.4400000000000
59.5100000000000
62
64.4000000000000
66.0800000000000
67.7700000000000
67.9400000000000
68.9000000000000
70.8600000000000
72.0300000000000
74.0400000000000
75.7600000000000
75.0400000000000
72.8600000000000
71.3200000000000
71.6300000000000
72.9700000000000
74.8600000000000
67.5200000000000
57.9100000000000
58.5500000000000
60.2100000000000
61.9200000000000
64.0500000000000
65.8900000000000
68.2600000000000
69.5800000000000
71.3200000000000
73
74.4800000000000
76.0400000000000
77.1200000000000
78.2900000000000
79.2400000000000
80.1400000000000
81.0800000000000
81.6300000000000
82.7200000000000
82.8100000000000
83.0900000000000
82.1500000000000
74.3500000000000
66.4500000000000
60.4200000000000
53.4600000000000
49.3500000000000
46.0400000000000
42.4100000000000
42.4400000000000
42.6500000000000
39.8900000000000
36.1200000000000
28.3900000000000
22.4700000000000
15.9000000000000
3.29000000000000
0.680000000000000
0.540000000000000
0.200000000000000
0.220000000000000
0.0500000000000000
0.0200000000000000
0.0200000000000000
0.0500000000000000
0.0500000000000000
0.0400000000000000
0.0200000000000000
0
0
0
0
0
0
0
0.0100000000000000
0.0100000000000000
0
0
0
0.0100000000000000
0.0500000000000000
0.0200000000000000
0.0900000000000000
0.0300000000000000
0.0700000000000000
2.90000000000000
7.63000000000000
10.5400000000000
11.6800000000000
13.3700000000000
15.0500000000000
16.5100000000000
17.6900000000000
18.3400000000000
19.2200000000000
20.1900000000000
21.0700000000000
21.8600000000000
22.0900000000000
21.8600000000000
22.5300000000000
23.0100000000000
23.1200000000000
23.9800000000000
23.9600000000000
24.3300000000000
25.1100000000000
24.9100000000000
25.0500000000000
24.9200000000000
24.1600000000000
23.9400000000000
24.0700000000000
23.9600000000000
24.1000000000000
24.8200000000000
25.5100000000000
26.6500000000000
28.0100000000000
28.9700000000000
29.7300000000000
30.2300000000000
30.8300000000000
31.3700000000000
31.9900000000000
33.0200000000000
33.4500000000000
33.7600000000000
35.2900000000000
37.3600000000000
39.4400000000000
41.3000000000000
42.9700000000000
44.3400000000000
44.9300000000000
45.7800000000000
47.0300000000000
48.2600000000000
48.9700000000000
49.0400000000000
49.8300000000000
50.0700000000000
49.4700000000000
48.6800000000000
48.1600000000000
48.7900000000000
49.0400000000000
48.5400000000000
47.6400000000000
46.7700000000000
46.0100000000000
44.9100000000000
43.7200000000000
41.6800000000000
40.2100000000000
39.5700000000000
38.9200000000000
39.6700000000000
40.0800000000000
39.9800000000000
39.6800000000000
38.6400000000000
38.0400000000000
37.9700000000000
38.0600000000000
37.9100000000000
38.3700000000000
39.0200000000000
39.0200000000000
38.9600000000000
39.0600000000000
39.7900000000000
40.0900000000000
39.9600000000000
39.9900000000000
40.2500000000000
41.1000000000000
41.8400000000000
42.0300000000000
41.9900000000000
41.9800000000000
42.0400000000000
41.9200000000000
42.2500000000000
43.0200000000000
42.9800000000000
42.9600000000000
42.4800000000000
40.5500000000000
39.7200000000000
40.1800000000000
39.5400000000000
38.0400000000000
37.0600000000000
37.2500000000000
37.9500000000000
38.5700000000000
39.4700000000000
40.4300000000000
41.4800000000000
42.7900000000000
43.6800000000000
44.1600000000000
44.9200000000000
44.9700000000000
45.2000000000000
45.9700000000000
46.6900000000000
47.1100000000000
46.8700000000000
47.5600000000000
47.9800000000000
48.1400000000000
48.7100000000000
48.0500000000000
46
42.7100000000000
40.5000000000000
40.1300000000000
39.4500000000000
38.9300000000000
39.8000000000000
40.6700000000000
41.3300000000000
41.9600000000000
42.0400000000000
41.8900000000000
41.2800000000000
41.0500000000000
41
40.9800000000000
41.0400000000000
40.2500000000000
39.9400000000000
40.0300000000000
39.9700000000000
40.0300000000000
39.9500000000000
40.0900000000000
39.5500000000000
38.9600000000000
38.9900000000000
39.0500000000000
38.8800000000000
38.1600000000000
37.9100000000000
38.0700000000000
37.9700000000000
37.3500000000000
36.9000000000000
37.0400000000000
37.0400000000000
36.3900000000000
35.9400000000000
35.9900000000000
36.0600000000000
35.7300000000000
34.9900000000000
35
34.9800000000000
34.2300000000000
33.5900000000000
32.9900000000000
32.9500000000000
34.2300000000000
35.0900000000000
35
34.9300000000000
35.3400000000000
36.0400000000000
35.9900000000000
36
36.0100000000000
36.0200000000000
36.8700000000000
37.0700000000000
36.9000000000000
37.5500000000000
38.0500000000000
37.9900000000000
38.0200000000000
38.8700000000000
39.1000000000000
38.9700000000000
39.4000000000000
40.3600000000000
45.9200000000000
52.8300000000000
57.3200000000000
62.4600000000000
66.8100000000000
71.0400000000000
74.0300000000000
72.6600000000000
65.9300000000000
54.7200000000000
46.4500000000000
38.4900000000000
32.6900000000000
35.7200000000000
41.2300000000000
47.8200000000000
53.5100000000000
57.6000000000000
62.5700000000000
66.7600000000000
70.8100000000000
73.8500000000000
76.6400000000000
79.9700000000000
82.6800000000000
85.3100000000000
87.8000000000000
90.0200000000000
91.3200000000000
92.3200000000000
88.6000000000000
78.6000000000000
69.9500000000000
65.8900000000000
65.8400000000000
66.3300000000000
64.6700000000000
64.1900000000000
66.4300000000000
69.4300000000000
72.3300000000000
75.0400000000000
77.7200000000000
81
83.9400000000000
86.0500000000000
89.2700000000000
85.2500000000000
73.5600000000000
64.7400000000000
60.2100000000000
60.4900000000000
63.1000000000000
66.0100000000000
67.3700000000000
66.8200000000000
68.1100000000000
70.7800000000000
73.0100000000000
75.8500000000000
79.3700000000000
80.1400000000000
77.3900000000000
76.1800000000000
75.7500000000000
74.5000000000000
76.7500000000000
73.3200000000000
63.7200000000000
61.5600000000000
63.8200000000000
66.8700000000000
70.0100000000000
73.0700000000000
76.8700000000000
78.3700000000000
80.5100000000000
83.7400000000000
86.1700000000000
88.7800000000000
90.6400000000000
92.5800000000000
94.2300000000000
96.5600000000000
97.8600000000000
99.7400000000000
100.400000000000
91.8300000000000
81.1400000000000
69.7900000000000
63.6300000000000
66.2200000000000
69.6500000000000
73.1600000000000
75.3700000000000
77.2600000000000
79.3100000000000
82.0300000000000
85.1700000000000
87.5800000000000
89.9800000000000
91.6200000000000
94.0300000000000
95.6500000000000
97.4400000000000
97.8400000000000
84.8100000000000
66.9700000000000
55.3400000000000
47.1300000000000
43.2900000000000
41.2900000000000
42.2300000000000
45.8900000000000
50.4400000000000
56.3000000000000
60.1400000000000
63.9200000000000
68.4300000000000
71.8900000000000
75.4700000000000
78.1100000000000
80.4800000000000
83.7200000000000
85.7100000000000
88.3400000000000
90.3800000000000
92.3200000000000
93.7200000000000
85.5200000000000
75.7600000000000
69.8600000000000
65.8700000000000
65.5800000000000
64.4400000000000
63.9200000000000
64.4100000000000
65.5700000000000
68.8900000000000
71.9500000000000
74.9500000000000
77.7200000000000
80.5000000000000
83.9900000000000
85.9200000000000
89.3700000000000
87.2500000000000
74.8300000000000
66.1500000000000
63.0500000000000
63.4900000000000
66.2700000000000
68.9300000000000
69.9000000000000
67.5700000000000
67.4600000000000
70.5400000000000
73.7500000000000
76.5600000000000
79.0200000000000
79.3800000000000
75.5900000000000
73.8800000000000
74.4000000000000
74.9800000000000
77.2700000000000
69.4900000000000
59.9800000000000
60.2700000000000
61.3900000000000
64.3100000000000
67.8900000000000
71.4900000000000
74.9700000000000
77.1400000000000
80.4900000000000
83.0900000000000
85.6100000000000
88.1800000000000
89.9600000000000
91.8700000000000
93.0400000000000
95.1000000000000
96.6300000000000
97.8700000000000
99.9900000000000
93.9700000000000
79.9300000000000
65.3800000000000
59.1900000000000
62.5400000000000
66.4800000000000
69.9300000000000
72.6400000000000
74.7000000000000
76.7700000000000
79.0200000000000
81.8400000000000
84.3300000000000
86.7500000000000
88.6800000000000
89.8800000000000
92.4500000000000
93.5600000000000
96.1100000000000
94.7300000000000
79.2800000000000
62.7900000000000
50.8500000000000
46.0900000000000
44.8800000000000
41.6400000000000
43.7000000000000
48.5900000000000
53.5100000000000
57.6900000000000
61.5300000000000
65.9000000000000
69.2600000000000
72.7400000000000
75.3000000000000
77.2400000000000
80.0700000000000
82.6100000000000
84.6300000000000
86.9200000000000
88.4400000000000
90.5900000000000
90.7300000000000
81.9900000000000
72.7200000000000
68.4000000000000
66.1700000000000
66.6500000000000
66.1700000000000
63.8100000000000
64.0500000000000
66.3400000000000
68.9400000000000
71.4100000000000
74.1100000000000
76.8800000000000
79.6600000000000
83.0400000000000
84.9500000000000
88.4000000000000
85.0700000000000
73.4000000000000
68.1300000000000
65.8200000000000
65.4200000000000
67.7400000000000
69.8400000000000
70.7100000000000
69.3100000000000
70
72.6900000000000
74.7400000000000
77.9100000000000
80.2400000000000
75.2800000000000
71.2600000000000
72.9100000000000
72.5500000000000
74.4700000000000
75.3400000000000
66.1400000000000
59.0900000000000
59.2600000000000
61.6500000000000
65.1900000000000
68.3400000000000
71.8700000000000
74.9300000000000
77.7900000000000
80.9900000000000
83.6800000000000
86.1000000000000
88.4300000000000
90.0900000000000
91.8200000000000
93.7100000000000
95.6600000000000
97.0900000000000
98.3200000000000
100.430000000000
94.6000000000000
79.3700000000000
63.8500000000000
57.5900000000000
60.9500000000000
65.2800000000000
68.9200000000000
71.6000000000000
73.7800000000000
76.0900000000000
78.5500000000000
81.4300000000000
83.7500000000000
86.0600000000000
87.9600000000000
89.3900000000000
91.7800000000000
92.8500000000000
95.3800000000000
93.9300000000000
81.1200000000000
65.2800000000000
53.0700000000000
49.1500000000000
44.9900000000000
39.5200000000000
40.6200000000000
44.9000000000000
51.1600000000000
56.4800000000000
61
65.8900000000000
69.6500000000000
73.3100000000000
76.3000000000000
78.8600000000000
81.8000000000000
84.2800000000000
86.2400000000000
88.4300000000000
89.8500000000000
91.8500000000000
89.0500000000000
77.8100000000000
69.9100000000000
65.2600000000000
62.0900000000000
64.6700000000000
64.5600000000000
61.3100000000000
62.4300000000000
65
67.4100000000000
70.5100000000000
72.3900000000000
74.3500000000000
76.8300000000000
79.5600000000000
81.4400000000000
83.2300000000000
85.3500000000000
77.4700000000000
65.5000000000000
60.4400000000000
59.5100000000000
62
64.4000000000000
66.0800000000000
67.7700000000000
67.9400000000000
68.9000000000000
70.8600000000000
72.0300000000000
74.0400000000000
75.7600000000000
75.0400000000000
72.8600000000000
71.3200000000000
71.6300000000000
72.9700000000000
74.8600000000000
67.5200000000000
57.9100000000000
58.5500000000000
60.2100000000000
61.9200000000000
64.0500000000000
65.8900000000000
68.2600000000000
69.5800000000000
71.3200000000000
73
74.4800000000000
76.0400000000000
77.1200000000000
78.2900000000000
79.2400000000000
80.1400000000000
81.0800000000000
81.6300000000000
82.7200000000000
82.8100000000000
83.0900000000000
82.1500000000000
74.3500000000000
66.4500000000000
60.4200000000000
53.4600000000000
49.3500000000000
46.0400000000000
42.4100000000000
42.4400000000000
42.6500000000000
39.8900000000000
36.1200000000000
28.3900000000000
22.4700000000000
15.9000000000000
3.29000000000000
0.680000000000000
0.540000000000000
0.200000000000000
0.220000000000000
0.0500000000000000
0.0200000000000000
0.0200000000000000
0.0500000000000000
0.0500000000000000
0.0400000000000000
0.0200000000000000
0