0
0
0
0
0
0
0
0
0
0
0
0
0
0
0
0
0
0
0
0
0
1.35000000000000
2.65500000000000
3.87000000000000
5.17500000000000
6.43500000000000
7.60500000000000
7.78500000000000
8.14500000000000
9.31500000000000
9.76500000000000
10.0800000000000
10.1250000000000
9.94500000000000
9.67500000000000
9.40500000000000
9.18000000000000
8.91000000000000
7.65000000000000
6.70500000000000
6.70500000000000
6.84000000000000
6.97500000000000
7.20000000000000
7.69500000000000
8.59500000000000
9.49500000000000
10.2150000000000
10.3050000000000
10.2150000000000
10.1700000000000
9.58500000000000
8.55000000000000
7.69500000000000
7.11000000000000
7.11000000000000
7.96500000000000
8.91000000000000
9.72000000000000
10.4400000000000
10.8900000000000
11.0700000000000
11.2050000000000
11.2500000000000
11.0700000000000
11.0250000000000
11.1150000000000
11.1600000000000
11.1150000000000
11.0700000000000
11.0700000000000
11.2950000000000
11.5200000000000
11.5650000000000
11.4300000000000
11.2050000000000
11.2500000000000
11.4300000000000
11.7000000000000
11.7000000000000
11.5650000000000
11.7450000000000
12.0150000000000
12.3750000000000
12.8700000000000
13.1850000000000
13.4100000000000
13.5450000000000
13.6800000000000
13.8150000000000
13.8150000000000
13.7250000000000
13.6800000000000
13.6350000000000
13.6800000000000
13.8600000000000
13.6800000000000
13.4550000000000
13.2750000000000
13.4100000000000
13.6350000000000
13.8150000000000
13.9050000000000
13.9500000000000
13.9050000000000
13.6800000000000
13.4100000000000
13.4550000000000
13.5900000000000
13.8150000000000
14.0400000000000
14.3100000000000
14.4900000000000
14.5800000000000
14.4900000000000
14.2650000000000
12.8700000000000
11.3850000000000
9.90000000000000
8.41500000000000
6.93000000000000
5.44500000000000
3.96000000000000
2.47500000000000
0.990000000000000
0
0
0
0
0
0
0
0
0
0
0
0
0
0
0
0
0
0
0
0
0
0
0
0
0
0
0
0
0
0
0
0
0
0
0
0
0
0
0
1.48500000000000
2.97000000000000
4.45500000000000
5.94000000000000
7.42500000000000
8.91000000000000
9.99000000000000
10.9350000000000
11.6100000000000
11.8800000000000
11.5650000000000
11.2950000000000
11.1150000000000
11.2500000000000
11.3400000000000
11.4300000000000
11.6100000000000
12.2400000000000
11.9250000000000
10.8000000000000
10.2150000000000
8.73000000000000
7.96500000000000
7.74000000000000
8.14500000000000
8.37000000000000
9
9.99000000000000
11.0250000000000
12.2850000000000
13.7250000000000
15.0750000000000
16.2900000000000
16.7850000000000
17.6850000000000
18.2250000000000
18.9450000000000
19.5750000000000
20.2950000000000
20.7000000000000
21.0600000000000
21.3750000000000
21.3750000000000
21.2850000000000
21.2400000000000
21.1500000000000
21.1500000000000
21.1500000000000
21.1500000000000
21.1500000000000
21.2400000000000
21.3300000000000
21.5550000000000
21.8250000000000
22.0950000000000
22.2750000000000
22.5000000000000
22.7700000000000
22.9500000000000
23.1750000000000
23.4900000000000
23.9400000000000
24.3450000000000
24.5700000000000
24.7050000000000
24.7500000000000
24.7050000000000
24.5700000000000
24.5700000000000
24.6600000000000
24.7950000000000
24.9750000000000
25.0650000000000
25.2450000000000
25.3350000000000
25.4700000000000
25.5150000000000
25.5150000000000
25.4250000000000
25.4250000000000
25.4250000000000
25.4250000000000
25.4250000000000
25.4250000000000
25.3800000000000
25.2450000000000
25.1100000000000
24.7950000000000
24.5700000000000
24.3900000000000
24.3000000000000
24.1650000000000
24.1200000000000
24.2550000000000
24.3000000000000
24.3450000000000
24.3450000000000
24.2100000000000
24.0300000000000
23.8500000000000
23.6700000000000
23.4450000000000
23.5800000000000
23.4000000000000
23.3550000000000
23.2650000000000
23.1750000000000
23.2200000000000
23.3100000000000
23.4450000000000
23.6250000000000
23.8500000000000
24.0750000000000
24.3000000000000
24.7050000000000
24.9300000000000
25.0200000000000
25.2000000000000
25.2000000000000
25.1100000000000
24.8400000000000
24.5250000000000
24.1200000000000
23.6250000000000
23.1750000000000
23.1750000000000
23.1750000000000
22.9950000000000
22.5450000000000
22.5000000000000
22.5450000000000
22.5000000000000
22.3200000000000
22.2750000000000
22.2750000000000
22.2750000000000
22.0950000000000
21.8700000000000
21.6450000000000
21.2400000000000
20.7450000000000
20.2500000000000
19.7100000000000
19.1700000000000
18.6750000000000
18.1350000000000
17.3250000000000
16.6500000000000
15.8400000000000
15.2100000000000
14.6250000000000
14.1750000000000
13.7700000000000
13.7250000000000
13.5000000000000
13.0500000000000
12.3750000000000
11.1600000000000
9.67500000000000
9.04500000000000
8.59500000000000
8.32500000000000
7.65000000000000
6.97500000000000
5.62500000000000
4.86000000000000
3.60000000000000
2.11500000000000
0.630000000000000
0
0
0
0
0
0
0
0
0
0
0
0
0
0
0.450000000000000
1.93500000000000
3.42000000000000
4.90500000000000
6.39000000000000
7.78500000000000
9
10.1250000000000
10.6650000000000
11.3400000000000
11.9700000000000
12.6450000000000
13.5000000000000
13.8600000000000
14.2200000000000
14.4450000000000
14.7600000000000
15.1200000000000
15.5250000000000
15.5700000000000
15.7050000000000
15.6600000000000
15.5250000000000
15.6150000000000
15.9750000000000
16.2000000000000
16.2000000000000
16.2000000000000
16.2000000000000
16.2000000000000
16.2000000000000
16.2450000000000
16.3800000000000
16.4250000000000
16.3800000000000
16.2000000000000
15.7950000000000
15.3450000000000
15.0750000000000
14.1300000000000
13.0500000000000
11.5650000000000
10.3500000000000
9.13500000000000
7.87500000000000
6.52500000000000
5.40000000000000
3.91500000000000
2.43000000000000
0.945000000000000
0
0
0
0
0
0
1.17000000000000
2.65500000000000
4.14000000000000
5.62500000000000
7.11000000000000
8.59500000000000
10.0800000000000
11.2500000000000
11.5200000000000
12.3750000000000
13.0500000000000
13.5000000000000
13.5450000000000
13.5000000000000
13.3650000000000
13.1850000000000
12.9600000000000
12.6000000000000
11.2500000000000
9.76500000000000
8.28000000000000
6.79500000000000
5.31000000000000
3.82500000000000
2.34000000000000
0.855000000000000
0
0
0
0
0
0
0
0
0
0
0
0
0
0
0
0
0
0
0
1.48500000000000
2.97000000000000
4.45500000000000
5.94000000000000
7.42500000000000
8.91000000000000
10.3950000000000
11.8800000000000
12.5100000000000
13.0950000000000
14.1750000000000
14.8500000000000
15.1200000000000
15.6600000000000
15.7950000000000
16.0200000000000
16.2450000000000
16.2000000000000
16.2450000000000
16.2900000000000
16.2000000000000
16.0650000000000
16.2000000000000
16.2000000000000
16.0200000000000
15.9750000000000
15.9300000000000
15.8400000000000
15.8400000000000
15.8400000000000
15.8400000000000
15.8400000000000
15.8400000000000
15.7500000000000
15.7950000000000
15.8400000000000
15.9750000000000
15.8400000000000
15.7500000000000
15.7500000000000
15.7500000000000
15.6600000000000
15.5700000000000
15.5250000000000
15.0750000000000
14.4000000000000
13.5450000000000
12.6000000000000
11.4750000000000
10.1250000000000
8.91000000000000
7.42500000000000
5.94000000000000
4.63500000000000
3.24000000000000
1.80000000000000
0.450000000000000
0
0
0
0
0
0
0.540000000000000
1.57500000000000
2.47500000000000
2.92500000000000
3.82500000000000
4.32000000000000
4.72500000000000
5.35500000000000
6.30000000000000
7.20000000000000
7.96500000000000
8.55000000000000
9.04500000000000
9.45000000000000
9.90000000000000
10.3500000000000
10.7100000000000
11.0250000000000
11.2050000000000
11.2500000000000
11.2500000000000
11.2500000000000
11.2500000000000
11.2500000000000
11.2500000000000
11.5200000000000
11.6100000000000
11.7000000000000
11.5200000000000
11.3400000000000
11.2500000000000
11.2500000000000
11.2500000000000
10.9800000000000
10.3950000000000
8.91000000000000
7.42500000000000
5.94000000000000
4.45500000000000
2.97000000000000
1.48500000000000
0
0
0
0
0
0
0
0
0
0
0
0
0
0
0
0
0
1.48500000000000
2.97000000000000
4.45500000000000
5.85000000000000
6.57000000000000
7.20000000000000
7.65000000000000
7.65000000000000
7.65000000000000
7.87500000000000
7.96500000000000
7.96500000000000
7.87500000000000
7.65000000000000
7.60500000000000
7.47000000000000
7.65000000000000
7.69500000000000
7.65000000000000
7.47000000000000
7.42500000000000
7.42500000000000
7.47000000000000
7.65000000000000
7.92000000000000
8.32500000000000
8.64000000000000
9.09000000000000
9.45000000000000
9.49500000000000
9.54000000000000
9.72000000000000
9.90000000000000
10.0800000000000
10.1250000000000
10.1250000000000
10.1250000000000
10.2150000000000
10.6650000000000
11.2950000000000
11.7000000000000
11.9250000000000
12.1500000000000
11.7450000000000
10.2600000000000
8.77500000000000
7.29000000000000
5.80500000000000
4.32000000000000
2.83500000000000
1.35000000000000
0
0
0
0
0
0
0
0
0
0
0
0
0
0
0
0
0
0
0
0
0
0
0
0
0
0
0.900000000000000
2.02500000000000
3.51000000000000
4.59000000000000
5.62500000000000
6.30000000000000
6.88500000000000
7.87500000000000
8.82000000000000
9.45000000000000
9.99000000000000
10.4850000000000
11.0250000000000
11.3850000000000
11.5200000000000
11.7000000000000
11.7450000000000
11.7900000000000
11.7900000000000
11.8800000000000
11.9250000000000
11.9250000000000
11.7000000000000
11.4750000000000
10.6200000000000
9.63000000000000
8.32500000000000
7.38000000000000
6.52500000000000
5.22000000000000
3.91500000000000
2.61000000000000
1.57500000000000
0.900000000000000
0
0
0
0
0
0
0
0
0
0
0
0
0
0
0.630000000000000
1.48500000000000
1.98000000000000
2.92500000000000
4.14000000000000
5.08500000000000
6.07500000000000
6.57000000000000
7.38000000000000
7.51500000000000
7.42500000000000
7.42500000000000
8.19000000000000
8.64000000000000
9.04500000000000
9.67500000000000
10.1250000000000
10.1250000000000
9.94500000000000
10.2150000000000
10.4850000000000
10.5750000000000
10.1250000000000
9.72000000000000
9.22500000000000
8.10000000000000
6.75000000000000
5.40000000000000
4.05000000000000
2.79000000000000
2.02500000000000
1.35000000000000
0.945000000000000
0.225000000000000
0.225000000000000
1.44000000000000
2.92500000000000
4.32000000000000
5.62500000000000
6.30000000000000
7.20000000000000
8.10000000000000
8.82000000000000
9.67500000000000
10.3950000000000
11.0250000000000
11.4750000000000
11.9250000000000
12.1950000000000
12.4200000000000
12.5550000000000
12.7350000000000
12.8700000000000
12.8700000000000
12.7350000000000
12.6900000000000
12.6000000000000
12.3750000000000
12.0600000000000
11.4750000000000
10.5750000000000
9.67500000000000
8.55000000000000
7.42500000000000
6.70500000000000
5.62500000000000
4.23000000000000
2.79000000000000
1.35000000000000
0.675000000000000
0.675000000000000
0.225000000000000
0
1.35000000000000
2.83500000000000
4.32000000000000
5.80500000000000
7.11000000000000
7.87500000000000
8.28000000000000
8.77500000000000
9.31500000000000
9.90000000000000
10.4400000000000
11.2500000000000
11.9250000000000
12.3750000000000
12.6000000000000
12.7350000000000
13.0050000000000
13.0050000000000
13.0050000000000
12.9600000000000
12.8250000000000
12.7350000000000
12.7350000000000
12.7350000000000
12.6900000000000
12.4200000000000
12.3750000000000
12.3750000000000
12.3750000000000
12.3750000000000
12.3750000000000
12.3750000000000
12.4200000000000
12.6000000000000
12.8250000000000
13.5000000000000
13.9500000000000
14.4000000000000
14.8500000000000
14.8500000000000
15.1200000000000
15.3000000000000
15.4350000000000
15.3900000000000
15.3000000000000
15.3000000000000
15.2550000000000
15.1200000000000
14.8950000000000
14.8500000000000
14.6250000000000
14.4000000000000
14.3550000000000
14.2200000000000
14.1750000000000
13.7700000000000
13.5000000000000
13.4550000000000
13.4550000000000
13.4550000000000
13.4550000000000
13.3200000000000
13.2750000000000
13.2750000000000
13.1850000000000
13.0050000000000
12.6900000000000
12.4650000000000
12.1500000000000
11.4750000000000
10.6650000000000
9.90000000000000
9.22500000000000
8.64000000000000
8.64000000000000
9.04500000000000
9.40500000000000
9.63000000000000
9.90000000000000
10.1700000000000
10.4400000000000
10.8000000000000
11.2500000000000
11.7000000000000
11.9700000000000
11.9700000000000
12.0600000000000
12.1500000000000
12.2400000000000
12.5100000000000
12.6450000000000
12.9600000000000
13.0050000000000
13.0500000000000
13.0950000000000
13.0500000000000
12.6450000000000
12.3750000000000
12.1500000000000
11.6100000000000
11.2500000000000
11.0250000000000
11.1600000000000
11.2950000000000
11.4750000000000
11.5650000000000
11.7900000000000
12.1050000000000
12.3750000000000
12.5100000000000
12.7800000000000
13.0500000000000
13.1400000000000
13.0950000000000
13.0500000000000
13.0050000000000
12.8250000000000
12.6450000000000
12.6000000000000
12.6000000000000
12.4200000000000
12.2400000000000
11.9700000000000
12.1500000000000
12.3750000000000
12.5100000000000
12.6000000000000
12.5100000000000
12.6000000000000
12.6000000000000
12.6000000000000
12.4650000000000
12.3300000000000
12.1050000000000
11.9700000000000
11.9250000000000
11.9250000000000
11.9250000000000
11.8350000000000
11.7900000000000
11.7900000000000
11.6550000000000
11.5200000000000
11.5200000000000
11.6550000000000
11.6100000000000
11.4750000000000
11.0700000000000
10.5750000000000
9.99000000000000
9.72000000000000
9.72000000000000
9.76500000000000
10.1700000000000
10.5300000000000
10.8000000000000
10.8900000000000
10.9800000000000
11.2050000000000
11.2950000000000
11.3400000000000
11.3850000000000
11.4750000000000
11.3400000000000
11.2500000000000
11.2500000000000
11.2500000000000
11.1150000000000
11.0250000000000
10.9350000000000
10.9350000000000
11.0250000000000
11.2500000000000
11.2500000000000
11.0700000000000
11.0700000000000
10.8450000000000
11.0250000000000
11.2950000000000
11.5200000000000
11.2950000000000
10.8000000000000
9.90000000000000
9.04500000000000
7.60500000000000
6.12000000000000
4.63500000000000
3.15000000000000
1.66500000000000
0.180000000000000
0
0
0
0.900000000000000
2.38500000000000
3.87000000000000
5.35500000000000
6.84000000000000
7.87500000000000
8.37000000000000
9
9.49500000000000
9.90000000000000
10.3500000000000
11.0250000000000
11.8350000000000
12.3750000000000
12.6450000000000
12.7800000000000
12.8250000000000
12.8250000000000
12.8250000000000
12.4650000000000
12.3750000000000
12.2400000000000
12.0600000000000
11.9250000000000
11.7000000000000
11.5650000000000
11.3400000000000
10.8000000000000
9.90000000000000
9.67500000000000
9.67500000000000
9.81000000000000
10.1250000000000
10.3500000000000
10.2600000000000
10.2600000000000
10.3500000000000
10.2150000000000
10.2150000000000
10.2150000000000
10.5750000000000
10.8000000000000
11.0700000000000
11.1600000000000
11.2950000000000
11.4750000000000
11.5200000000000
11.4750000000000
11.2500000000000
10.8450000000000
10.6650000000000
10.4400000000000
10.3050000000000
10.1250000000000
9.90000000000000
9.72000000000000
9.22500000000000
7.87500000000000
6.39000000000000
4.90500000000000
3.42000000000000
1.93500000000000
0.450000000000000
0
0
0
0
0
0
0
0
0
0
0
0
0
0
0
0
0
0
0
0
0
0
0
0
0
0
0
0
0
0
0.540000000000000
1.80000000000000
3.28500000000000
4.77000000000000
6.25500000000000
7.65000000000000
8.32500000000000
9
9.81000000000000
10.3500000000000
10.8000000000000
11.1600000000000
11.5200000000000
11.9250000000000
12.0600000000000
12.3300000000000
12.5550000000000
12.7350000000000
12.6000000000000
12.3750000000000
12.1500000000000
12.1500000000000
11.8350000000000
11.0250000000000
10.1250000000000
9.67500000000000
9.27000000000000
8.10000000000000
6.75000000000000
5.53500000000000
4.99500000000000
4.77000000000000
4.50000000000000
4.27500000000000
4.09500000000000
3.91500000000000
3.87000000000000
3.96000000000000
4.05000000000000
3.91500000000000
3.87000000000000
3.60000000000000
3.15000000000000
2.25000000000000
1.89000000000000
1.17000000000000
0.450000000000000
0
0.0450000000000000
0.270000000000000
0.720000000000000
1.62000000000000
3.10500000000000
4.50000000000000
5.76000000000000
6.30000000000000
6.52500000000000
7.20000000000000
8.14500000000000
9
9.45000000000000
9.54000000000000
9.58500000000000
9.63000000000000
9.76500000000000
10.1250000000000
10.3500000000000
10.7100000000000
11.0250000000000
11.2500000000000
11.2050000000000
11.1600000000000
11.2500000000000
11.4300000000000
11.6100000000000
11.7000000000000
11.8800000000000
11.9700000000000
12.1050000000000
12.1500000000000
12.1500000000000
12.1500000000000
12.1050000000000
12.0600000000000
12.0600000000000
11.9250000000000
11.8800000000000
11.7000000000000
11.4750000000000
11.0700000000000
10.5750000000000
9.67500000000000
9
7.87500000000000
7.20000000000000
6.30000000000000
4.81500000000000
3.33000000000000
1.84500000000000
0.360000000000000
0
0
0
0
0
0
0
0
0
0
0
0
0
0
0
0
0.945000000000000
2.43000000000000
3.91500000000000
5.40000000000000
6.88500000000000
8.37000000000000
9.49500000000000
10.3500000000000
10.5750000000000
10.3500000000000
10.1250000000000
9
7.51500000000000
6.03000000000000
4.54500000000000
3.06000000000000
1.57500000000000
0.0900000000000000
0
0
0
0
0
0
0
0
0
0
0.0900000000000000
0.675000000000000
1.57500000000000
2.92500000000000
4.41000000000000
5.40000000000000
5.80500000000000
5.85000000000000
5.67000000000000
5.76000000000000
5.89500000000000
5.89500000000000
6.30000000000000
6.97500000000000
7.65000000000000
8.37000000000000
8.86500000000000
9.45000000000000
9.67500000000000
9.81000000000000
9.81000000000000
9.67500000000000
9.54000000000000
9.67500000000000
9.81000000000000
9.90000000000000
9.85500000000000
9.76500000000000
9.67500000000000
9.67500000000000
9.63000000000000
9.04500000000000
8.77500000000000
8.64000000000000
8.82000000000000
8.91000000000000
9
8.77500000000000
7.87500000000000
6.97500000000000
5.85000000000000
4.50000000000000
3.60000000000000
2.70000000000000
1.80000000000000
1.12500000000000
0.315000000000000
0
0
0
0
0
0
0
0
0.450000000000000
0.450000000000000
0.450000000000000
0.450000000000000
0.450000000000000
0.720000000000000
1.35000000000000
1.80000000000000
2.25000000000000
2.83500000000000
3.60000000000000
4.50000000000000
4.72500000000000
4.27500000000000
3.82500000000000
3.42000000000000
3.96000000000000
4.95000000000000
6.30000000000000
7.65000000000000
8.77500000000000
9.45000000000000
9.81000000000000
9.99000000000000
10.3500000000000
10.6200000000000
10.8450000000000
11.0250000000000
11.0250000000000
10.8000000000000
10.5750000000000
10.5750000000000
10.5750000000000
10.5750000000000
10.5750000000000
10.5750000000000
10.8000000000000
10.8450000000000
11.0250000000000
11.1150000000000
11.2500000000000
11.4300000000000
11.5200000000000
11.5650000000000
11.7000000000000
11.7900000000000
12.1500000000000
12.5100000000000
12.7350000000000
13.0500000000000
13.0950000000000
13.0500000000000
12.6000000000000
11.1150000000000
9.63000000000000
8.14500000000000
6.66000000000000
5.17500000000000
3.69000000000000
2.20500000000000
0.720000000000000
0
0
0
0
0
0
0
0
0
0
0
0
0
0
0
0
0
0
0
0
0
0
0
0
0
0.675000000000000
2.16000000000000
3.64500000000000
5.13000000000000
5.94000000000000
6.79500000000000
7.56000000000000
8.23500000000000
8.77500000000000
9.13500000000000
9.58500000000000
9.85500000000000
9.94500000000000
10.0800000000000
9.90000000000000
9.72000000000000
9.49500000000000
9.22500000000000
9
8.82000000000000
8.32500000000000
7.87500000000000
7.42500000000000
6.97500000000000
6.30000000000000
4.95000000000000
3.60000000000000
2.34000000000000
1.12500000000000
0
0
0
0
0
0
0
0
0
0
0
0
0
0
0
0
0
0
0
0
0
0
0
0
0
0
0
0
0
0
0
0
0
0
0
0
0
0
0
0
0
0
0
0
0
0
0
0
0
0
0
0
0
0
0
0
0
0
0
0
0
0
0
0
0