0
0
0
0
0
0
0
0
0
0
0
0
0
0
0
0
0
0
0
0
0.200000000000000
2.50000000000000
4.80000000000000
7
9
11.1000000000000
13
14.9000000000000
16.7000000000000
18.4000000000000
20
20
20
20
20
20
20
20
20
20
20
20
20
20
20
20
20
20
20
16.2000000000000
11.8000000000000
7.30000000000000
2.90000000000000
0
0
0
0
0
0
0
1.10000000000000
3.40000000000000
5.70000000000000
7.80000000000000
9.90000000000000
11.9000000000000
13.8000000000000
15.6000000000000
17.4000000000000
19.1000000000000
20
20
20
20
20
20
20
20
20
20
20
20
20
20
20
20
20
20
18.9000000000000
14.5000000000000
10
5.60000000000000
1.10000000000000
0
0
0
0
0
0
0
2.10000000000000
4.30000000000000
6.50000000000000
8.60000000000000
10.7000000000000
12.6000000000000
14.5000000000000
16.3000000000000
18.1000000000000
19.8000000000000
20
20
20
20
20
20
20
20
20
20
20
20
20
20
20
20
20
20
17.1000000000000
12.7000000000000
8.20000000000000
3.80000000000000
0
0
0
0
0
0
0
0.700000000000000
3
5.20000000000000
7.40000000000000
9.50000000000000
11.5000000000000
13.4000000000000
15.3000000000000
17
18.8000000000000
20
20
20
20
20
20
20
20
20
20
20
20
20
20
20
20
20
20
20
15.3000000000000
10.9000000000000
6.50000000000000
2
0
0
0
0
0
0
0
1.60000000000000
3.90000000000000
6.10000000000000
8.20000000000000
10.3000000000000
12.2000000000000
14.1000000000000
16
17.7000000000000
19.5000000000000
20
20
20
20
20
20
20
20
20
20
20
20
20
20
20
20
20
20
18
13.6000000000000
9.10000000000000
4.70000000000000
0.200000000000000
0
0
0
0
0
0
0.200000000000000
2.50000000000000
4.80000000000000
7
9
11.1000000000000
13
14.9000000000000
16.7000000000000
18.4000000000000
20
20
20
20
20
20
20
20
20
20
20
20
20
20
20
20
20
20
20
16.2000000000000
11.8000000000000
7.30000000000000
2.90000000000000
0
0
0
0
0
0
0
1.10000000000000
3.40000000000000
5.70000000000000
7.80000000000000
9.90000000000000
11.9000000000000
13.8000000000000
15.6000000000000
17.4000000000000
19.1000000000000
20
20
20
20
20
20
20
20
20
20
20
20
20
20
20
20
20
20
18.9000000000000
14.5000000000000
10
5.60000000000000
1.10000000000000
0
0
0
0
0
0
0
2.10000000000000
4.30000000000000
6.50000000000000
8.60000000000000
10.7000000000000
12.6000000000000
14.5000000000000
16.3000000000000
18.1000000000000
19.8000000000000
20
20
20
20
20
20
20
20
20
20
20
20
20
20
20
20
20
20
17.1000000000000
12.7000000000000
8.20000000000000
3.80000000000000
0
0
0
0
0
0
0
0.700000000000000
3
5.20000000000000
7.40000000000000
9.50000000000000
11.5000000000000
13.4000000000000
15.3000000000000
17
18.8000000000000
20
20
20
20
20
20
20
20
20
20
20
20
20
20
20
20
20
20
20
15.3000000000000
10.9000000000000
6.50000000000000
2
0
0
0
0
0
0
0
1.60000000000000
3.90000000000000
6.10000000000000
8.20000000000000
10.3000000000000
12.2000000000000
14.1000000000000
16
17.7000000000000
19.5000000000000
20
20
20
20
20
20
20
20
20
20
20
20
20
20
20
20
20
20
18
13.6000000000000
9.10000000000000
4.70000000000000
0.200000000000000
0
0
0
0
0
0
0.200000000000000
2.50000000000000
4.80000000000000
7
9
11.1000000000000
13
14.9000000000000
16.7000000000000
18.4000000000000
20
20
20
20
20
20
20
20
20
20
20
20
20
20
20
20
20
20
20
16.2000000000000
11.8000000000000
7.30000000000000
2.90000000000000
0
0
0
0
0
0
0
1.10000000000000
3.40000000000000
5.70000000000000
7.80000000000000
9.90000000000000
11.9000000000000
13.8000000000000
15.6000000000000
17.4000000000000
19.1000000000000
20
20
20
20
20
20
20
20
20
20
20
20
20
20
20
20
20
20
18.9000000000000
14.5000000000000
10
5.60000000000000
1.10000000000000
0
0
0
0
0
0
0
2.10000000000000
4.30000000000000
6.50000000000000
8.60000000000000
10.7000000000000
12.6000000000000
14.5000000000000
16.3000000000000
18.1000000000000
19.8000000000000
20
20
20
20
20
20
20
20
20
20
20
20
20
20
20
20
20
20
17.1000000000000
12.7000000000000
8.20000000000000
3.80000000000000
0
0
0
0
0
0
0
0.700000000000000
3
5.20000000000000
7.40000000000000
9.50000000000000
11.5000000000000
13.4000000000000
15.3000000000000
17
18.8000000000000
20
20
20
20
20
20
20
20
20
20
20
20
20
20
20
20
20
20
20
15.3000000000000
10.9000000000000
6.50000000000000
2
0
0
0
0
0
0
0
0
0
0
0
0
0
0
0
0
0
0
0
0
0
0
0
0
0
0
0
0.200000000000000
2.50000000000000
4.80000000000000
7
9
11.1000000000000
13
14.9000000000000
16.7000000000000
18.4000000000000
20
20
20
20
20
20
20
20
20
20
20
20
20
20
20
20
20
20
20
16.2000000000000
11.8000000000000
7.30000000000000
2.90000000000000
0
0
0
0
0
0
0
1.10000000000000
3.40000000000000
5.70000000000000
7.80000000000000
9.90000000000000
11.9000000000000
13.8000000000000
15.6000000000000
17.4000000000000
19.1000000000000
20
20
20
20
20
20
20
20
20
20
20
20
20
20
20
20
20
20
18.9000000000000
14.5000000000000
10
5.60000000000000
1.10000000000000
0
0
0
0
0
0
0
2.10000000000000
4.30000000000000
6.50000000000000
8.60000000000000
10.7000000000000
12.6000000000000
14.5000000000000
16.3000000000000
18.1000000000000
19.8000000000000
20
20
20
20
20
20
20
20
20
20
20
20
20
20
20
20
20
20
17.1000000000000
12.7000000000000
8.20000000000000
3.80000000000000
0
0
0
0
0
0
0
0.700000000000000
3
5.20000000000000
7.40000000000000
9.50000000000000
11.5000000000000
13.4000000000000
15.3000000000000
17
18.8000000000000
20
20
20
20
20
20
20
20
20
20
20
20
20
20
20
20
20
20
20
15.3000000000000
10.9000000000000
6.50000000000000
2
0
0
0
0
0
0
0
1.60000000000000
3.90000000000000
6.10000000000000
8.20000000000000
10.3000000000000
12.2000000000000
14.1000000000000
16
17.7000000000000
19.5000000000000
20
20
20
20
20
20
20
20
20
20
20
20
20
20
20
20
20
20
18
13.6000000000000
9.10000000000000
4.70000000000000
0.200000000000000
0
0
0
0
0
0
0.200000000000000
2.50000000000000
4.80000000000000
7
9
11.1000000000000
13
14.9000000000000
16.7000000000000
18.4000000000000
20
20
20
20
20
20
20
20
20
20
20
20
20
20
20
20
20
20
20
16.2000000000000
11.8000000000000
7.30000000000000
2.90000000000000
0
0
0
0
0
0
0
1.10000000000000
3.40000000000000
5.70000000000000
7.80000000000000
9.90000000000000
11.9000000000000
13.8000000000000
15.6000000000000
17.4000000000000
19.1000000000000
20
20
20
20
20
20
20
20
20
20
20
20
20
20
20
20
20
20
18.9000000000000
14.5000000000000
10
5.60000000000000
1.10000000000000
0
0
0
0
0
0
0
2.10000000000000
4.30000000000000
6.50000000000000
8.60000000000000
10.7000000000000
12.6000000000000
14.5000000000000
16.3000000000000
18.1000000000000
19.8000000000000
20
20
20
20
20
20
20
20
20
20
20
20
20
20
20
20
20
20
17.1000000000000
12.7000000000000
8.20000000000000
3.80000000000000
0
0
0
0
0
0
0
0.700000000000000
3
5.20000000000000
7.40000000000000
9.50000000000000
11.5000000000000
13.4000000000000
15.3000000000000
17
18.8000000000000
20
20
20
20
20
20
20
20
20
20
20
20
20
20
20
20
20
20
20
15.3000000000000
10.9000000000000
6.50000000000000
2
0
0
0
0
0
0
0
1.60000000000000
3.90000000000000
6.10000000000000
8.20000000000000
10.3000000000000
12.2000000000000
14.1000000000000
16
17.7000000000000
19.5000000000000
20
20
20
20
20
20
20
20
20
20
20
20
20
20
20
20
20
20
18
13.6000000000000
9.10000000000000
4.70000000000000
0.200000000000000
0
0
0
0
0
0
0.200000000000000
2.50000000000000
4.80000000000000
7
9
11.1000000000000
13
14.9000000000000
16.7000000000000
18.4000000000000
20
20
20
20
20
20
20
20
20
20
20
20
20
20
20
20
20
20
20
16.2000000000000
11.8000000000000
7.30000000000000
2.90000000000000
0
0
0
0
0
0
0
1.10000000000000
3.40000000000000
5.70000000000000
7.80000000000000
9.90000000000000
11.9000000000000
13.8000000000000
15.6000000000000
17.4000000000000
19.1000000000000
20
20
20
20
20
20
20
20
20
20
20
20
20
20
20
20
20
20
18.9000000000000
14.5000000000000
10
5.60000000000000
1.10000000000000
0
0
0
0
0
0
0
2.10000000000000
4.30000000000000
6.50000000000000
8.60000000000000
10.7000000000000
12.6000000000000
14.5000000000000
16.3000000000000
18.1000000000000
19.8000000000000
20
20
20
20
20
20
20
20
20
20
20
20
20
20
20
20
20
20
17.1000000000000
12.7000000000000
8.20000000000000
3.80000000000000
0
0
0
0
0
0
0
0.700000000000000
3
5.20000000000000
7.40000000000000
9.50000000000000
11.5000000000000
13.4000000000000
15.3000000000000
17
18.8000000000000
20
20
20
20
20
20
20
20
20
20
20
20
20
20
20
20
20
20
20
15.3000000000000
10.9000000000000
6.50000000000000
2
0
0
0
0
0
0
0
20
20
20
20
20
20
20
20
20
15.3000000000000
10.9000000000000
6.50000000000000
2
0
0
0
0
0
0
0
1.60000000000000
3.90000000000000
6.10000000000000
8.20000000000000
10.3000000000000
12.2000000000000
14.1000000000000
16
17.7000000000000
19.5000000000000
20
20
20
20
20
20
20
20
20
20
20
20
20
20
20
20
20
20
18
13.6000000000000
9.10000000000000
4.70000000000000
0.200000000000000
0
0
0
0
0
0
0.200000000000000
2.50000000000000
4.80000000000000
7
9
11.1000000000000
13
14.9000000000000
16.7000000000000
18.4000000000000
20
20
20
20
20
20
20
20
20
20
20
20
20
20
20
20
20
20
20
16.2000000000000
11.8000000000000
7.30000000000000
2.90000000000000
0
0
0
0
0
0
0
1.10000000000000
3.40000000000000
5.70000000000000
7.80000000000000
9.90000000000000
11.9000000000000
13.8000000000000
15.6000000000000
17.4000000000000
19.1000000000000
20
20
20
20
20
20
20
20
20
20
20
20
20
20
20
20
20
15.3000000000000
10.9000000000000
6.50000000000000
2
0
0
0
0
0
0
0
1.60000000000000
3.90000000000000
6.10000000000000
8.20000000000000
10.3000000000000
12.2000000000000
14.1000000000000
16
17.7000000000000
19.5000000000000
20
20
20
20
20
20
20
20
20
20
20
20
20
20
20
20
20
20
18
13.6000000000000
9.10000000000000
4.70000000000000
0.200000000000000
0
0
0
0
0
0
0.200000000000000
2.50000000000000
4.80000000000000
7
9
11.1000000000000
13
14.9000000000000
16.7000000000000
18.4000000000000
20
20
20
20
20
20
20
20
20
20
20
20
20
20
20
20
20
20
20
16.2000000000000
11.8000000000000
7.30000000000000
2.90000000000000
0
0
0
0
0
0
0
1.10000000000000
3.40000000000000
5.70000000000000
7.80000000000000
9.90000000000000
11.9000000000000
13.8000000000000
15.6000000000000
17.4000000000000
19.1000000000000
20
20
20
20
20
20
20
20
20
20
20
20
20
20
20
20
20
15.3000000000000
10.9000000000000
6.50000000000000
2
0
0
0
0
0
0
0
1.60000000000000
3.90000000000000
6.10000000000000
8.20000000000000
10.3000000000000
12.2000000000000
14.1000000000000
16
17.7000000000000
19.5000000000000
20
20
20
20
20
20
20
20
20
20
20
20
20
20
20
20
20
20
18
13.6000000000000
9.10000000000000
4.70000000000000
0.200000000000000
0
0
0
0
0
0
0.200000000000000
2.50000000000000
4.80000000000000
7
9
11.1000000000000
13
14.9000000000000
16.7000000000000
18.4000000000000
20
20
20
20
20
20
20
20
20
20
20
20
20
20
20
20
20
20
20
16.2000000000000
11.8000000000000
7.30000000000000
2.90000000000000
0
0
0
0
0
0
0
1.10000000000000
3.40000000000000
5.70000000000000
7.80000000000000
9.90000000000000
11.9000000000000
13.8000000000000
15.6000000000000
17.4000000000000
19.1000000000000
20
20
20
20
20
20
20
20
