0
0
0
0
0
0
0
0
0
0
0
0
0
0
0
0
0
0
0
0
0
0
0
0
0
0
0
0
0
0
0
0
0
0
0
0
0
0
0
0
0
0
0
0
0
0
0
0
0
0
0
0
0
0
0
0
0
0
0
0
0
0
0
0
0
0
0
0
0
0
0
0
0
0
0
0
0
0
0
0
0
0
0
0
0
0
0
0
0
0
0
0
0
0
0
0
0
0
0
0
0
0
0.200000000000000
0.300000000000000
0.500000000000000
0.700000000000000
0.800000000000000
1
1.10000000000000
1.30000000000000
1.50000000000000
1.60000000000000
1.90000000000000
2.20000000000000
2.60000000000000
2.90000000000000
3.20000000000000
3.50000000000000
3.80000000000000
4.10000000000000
4.40000000000000
4.70000000000000
5
5.30000000000000
5.70000000000000
5.90000000000000
6.10000000000000
6.40000000000000
6.60000000000000
6.80000000000000
7.10000000000000
7.30000000000000
7.50000000000000
7.80000000000000
8
8.20000000000000
8.50000000000000
8.70000000000000
8.90000000000000
9.20000000000000
9.40000000000000
9.60000000000000
9.90000000000000
10.1000000000000
10.3000000000000
10.6000000000000
10.8000000000000
11
11.3000000000000
11.5000000000000
11.7000000000000
12
12.2000000000000
12.4000000000000
12.7000000000000
12.9000000000000
13.1000000000000
13.5000000000000
13.8000000000000
14.1000000000000
14.4000000000000
14.7000000000000
15
15.3000000000000
15.7000000000000
16
16.3000000000000
16.6000000000000
16.9000000000000
17.3000000000000
17.5000000000000
17.7000000000000
18
18.2000000000000
18.4000000000000
18.7000000000000
18.9000000000000
19.2000000000000
19.4000000000000
19.6000000000000
19.9000000000000
20.1000000000000
20.4000000000000
20.6000000000000
20.8000000000000
21
21.3000000000000
21.5000000000000
21.7000000000000
21.9000000000000
22.2000000000000
22.4000000000000
22.6000000000000
22.8000000000000
23.1000000000000
23.3000000000000
23.4000000000000
23.6000000000000
23.7000000000000
23.9000000000000
24.1000000000000
24.2000000000000
24.4000000000000
24.6000000000000
24.7000000000000
24.9000000000000
25.1000000000000
25.2000000000000
25.4000000000000
25.5000000000000
25.6000000000000
25.8000000000000
25.9000000000000
26
26.2000000000000
26.3000000000000
26.4000000000000
26.6000000000000
26.7000000000000
26.8000000000000
26.9000000000000
27.1000000000000
27.2000000000000
27.3000000000000
27.4000000000000
27.6000000000000
27.7000000000000
27.8000000000000
27.9000000000000
28
28.2000000000000
28.3000000000000
28.4000000000000
28.5000000000000
28.6000000000000
28.8000000000000
28.8000000000000
28.9000000000000
29
29.1000000000000
29.2000000000000
29.3000000000000
29.4000000000000
29.4000000000000
29.5000000000000
29.6000000000000
29.7000000000000
29.8000000000000
29.9000000000000
29.9000000000000
30
30.1000000000000
30.2000000000000
30.2000000000000
30.3000000000000
30.4000000000000
30.4000000000000
30.5000000000000
30.6000000000000
30.7000000000000
30.8000000000000
30.8000000000000
30.8000000000000
30.8000000000000
30.8000000000000
30.9000000000000
30.9000000000000
30.9000000000000
30.9000000000000
30.9000000000000
31
31
31
31
31.1000000000000
31.1000000000000
31.2000000000000
31.3000000000000
31.3000000000000
31.4000000000000
31.5000000000000
31.5000000000000
31.6000000000000
31.7000000000000
31.8000000000000
31.8000000000000
31.8000000000000
31.8000000000000
31.8000000000000
31.9000000000000
31.9000000000000
31.9000000000000
31.9000000000000
31.9000000000000
31.9000000000000
31.9000000000000
31.9000000000000
31.9000000000000
31.9000000000000
31.9000000000000
32
32
32
32
32.1000000000000
32.1000000000000
32.1000000000000
32.2000000000000
32.2000000000000
32.2000000000000
32.3000000000000
32.3000000000000
32.3000000000000
32.4000000000000
32.5000000000000
32.5000000000000
32.6000000000000
32.6000000000000
32.7000000000000
32.7000000000000
32.8000000000000
32.9000000000000
32.9000000000000
33
33
33.1000000000000
33.1000000000000
33.2000000000000
33.2000000000000
33.3000000000000
33.3000000000000
33.3000000000000
33.4000000000000
33.4000000000000
33.5000000000000
33.5000000000000
33.6000000000000
33.6000000000000
33.7000000000000
33.7000000000000
33.8000000000000
33.9000000000000
33.9000000000000
34
34
34.1000000000000
34.2000000000000
34.2000000000000
34.3000000000000
34.4000000000000
34.4000000000000
34.5000000000000
34.6000000000000
34.6000000000000
34.7000000000000
34.8000000000000
34.8000000000000
34.9000000000000
35
35.1000000000000
35.1000000000000
35.2000000000000
35.3000000000000
35.3000000000000
35.4000000000000
35.5000000000000
35.6000000000000
35.7000000000000
35.8000000000000
35.8000000000000
35.9000000000000
36
36.1000000000000
36.2000000000000
36.3000000000000
36.4000000000000
36.4000000000000
36.4000000000000
36.4000000000000
36.5000000000000
36.5000000000000
36.5000000000000
36.5000000000000
36.6000000000000
36.6000000000000
36.6000000000000
36.6000000000000
36.6000000000000
36.7000000000000
36.7000000000000
36.7000000000000
36.8000000000000
36.8000000000000
36.8000000000000
36.8000000000000
36.9000000000000
36.9000000000000
36.9000000000000
37
37
37
37
37.1000000000000
37.1000000000000
37.1000000000000
37.1000000000000
37.1000000000000
37.1000000000000
37.1000000000000
37.1000000000000
37.1000000000000
37.1000000000000
37.1000000000000
37.1000000000000
37.1000000000000
37.1000000000000
37.1000000000000
37
37
37
37
37
36.9000000000000
36.9000000000000
36.9000000000000
36.9000000000000
36.9000000000000
36.8000000000000
36.8000000000000
36.8000000000000
36.7000000000000
36.7000000000000
36.6000000000000
36.6000000000000
36.5000000000000
36.4000000000000
36.4000000000000
36.3000000000000
36.3000000000000
36.2000000000000
36.2000000000000
36.1000000000000
36
36
35.9000000000000
35.8000000000000
35.7000000000000
35.7000000000000
35.6000000000000
35.5000000000000
35.4000000000000
35.4000000000000
35.3000000000000
35.2000000000000
35.1000000000000
35.1000000000000
35
35
34.9000000000000
34.9000000000000
34.8000000000000
34.8000000000000
34.7000000000000
34.7000000000000
34.6000000000000
34.6000000000000
34.5000000000000
34.5000000000000
34.5000000000000
34.4000000000000
34.4000000000000
34.3000000000000
34.3000000000000
34.3000000000000
34.2000000000000
34.2000000000000
34.1000000000000
34.1000000000000
34.1000000000000
34
34
33.9000000000000
33.8000000000000
33.8000000000000
33.7000000000000
33.6000000000000
33.6000000000000
33.5000000000000
33.4000000000000
33.4000000000000
33.3000000000000
33.3000000000000
33.2000000000000
33.1000000000000
33.1000000000000
33.1000000000000
33
33
32.9000000000000
32.9000000000000
32.9000000000000
32.8000000000000
32.8000000000000
32.7000000000000
32.7000000000000
32.7000000000000
32.6000000000000
32.6000000000000
32.6000000000000
32.6000000000000
32.5000000000000
32.5000000000000
32.5000000000000
32.4000000000000
32.4000000000000
32.4000000000000
32.4000000000000
32.3000000000000
32.3000000000000
32.3000000000000
32.2000000000000
32.2000000000000
32.1000000000000
32.1000000000000
32
32
31.9000000000000
31.9000000000000
31.8000000000000
31.8000000000000
31.7000000000000
31.7000000000000
31.7000000000000
31.7000000000000
31.7000000000000
31.6000000000000
31.6000000000000
31.6000000000000
31.6000000000000
31.6000000000000
31.6000000000000
31.6000000000000
31.6000000000000
31.5000000000000
31.5000000000000
31.5000000000000
31.4000000000000
31.4000000000000
31.3000000000000
31.3000000000000
31.3000000000000
31.2000000000000
31.2000000000000
31.1000000000000
31.1000000000000
31
31
31
31
31
30.9000000000000
30.9000000000000
30.9000000000000
30.9000000000000
30.9000000000000
30.9000000000000
30.9000000000000
30.9000000000000
30.8000000000000
30.8000000000000
30.8000000000000
30.8000000000000
30.8000000000000
30.8000000000000
30.7000000000000
30.7000000000000
30.7000000000000
30.7000000000000
30.7000000000000
30.6000000000000
30.6000000000000
30.6000000000000
30.6000000000000
30.5000000000000
30.5000000000000
30.5000000000000
30.5000000000000
30.4000000000000
30.4000000000000
30.4000000000000
30.3000000000000
30.3000000000000
30.3000000000000
30.2000000000000
30.2000000000000
30.2000000000000
30.2000000000000
30.2000000000000
30.1000000000000
30.1000000000000
30.1000000000000
30.1000000000000
30.1000000000000
30.1000000000000
30.1000000000000
30
30
30
30
30
30
30
29.9000000000000
29.9000000000000
29.9000000000000
29.9000000000000
29.9000000000000
29.9000000000000
29.9000000000000
29.8000000000000
29.8000000000000
29.8000000000000
29.8000000000000
29.8000000000000
29.8000000000000
29.8000000000000
29.8000000000000
29.8000000000000
29.8000000000000
29.8000000000000
29.8000000000000
29.8000000000000
29.8000000000000
29.8000000000000
29.8000000000000
29.9000000000000
29.9000000000000
30
30
30
30.1000000000000
30.1000000000000
30.2000000000000
30.2000000000000
30.3000000000000
30.3000000000000
30.3000000000000
30.4000000000000
30.4000000000000
30.4000000000000
30.5000000000000
30.5000000000000
30.5000000000000
30.6000000000000
30.6000000000000
30.6000000000000
30.6000000000000
30.7000000000000
30.7000000000000
30.7000000000000
30.8000000000000
30.9000000000000
31
31
31.1000000000000
31.2000000000000
31.3000000000000
31.3000000000000
31.4000000000000
31.5000000000000
31.6000000000000
31.7000000000000
31.7000000000000
31.8000000000000
31.9000000000000
31.9000000000000
32
32
32.1000000000000
32.2000000000000
32.2000000000000
32.3000000000000
32.4000000000000
32.4000000000000
32.5000000000000
32.6000000000000
32.6000000000000
32.6000000000000
32.7000000000000
32.7000000000000
32.8000000000000
32.8000000000000
32.8000000000000
32.9000000000000
32.9000000000000
33
33
33
33.1000000000000
33.1000000000000
33.1000000000000
33.2000000000000
33.2000000000000
33.2000000000000
33.2000000000000
33.3000000000000
33.3000000000000
33.3000000000000
33.3000000000000
33.4000000000000
33.4000000000000
33.4000000000000
33.5000000000000
33.5000000000000
33.6000000000000
33.6000000000000
33.7000000000000
33.7000000000000
33.8000000000000
33.8000000000000
33.8000000000000
33.9000000000000
33.9000000000000
34
34
34.1000000000000
34.1000000000000
34.1000000000000
34.1000000000000
34.2000000000000
34.2000000000000
34.2000000000000
34.3000000000000
34.3000000000000
34.3000000000000
34.3000000000000
34.4000000000000
34.4000000000000
34.4000000000000
34.4000000000000
34.5000000000000
34.5000000000000
34.5000000000000
34.5000000000000
34.6000000000000
34.6000000000000
34.6000000000000
34.6000000000000
34.7000000000000
34.7000000000000
34.7000000000000
34.8000000000000
34.8000000000000
34.8000000000000
34.9000000000000
34.9000000000000
34.9000000000000
35
35
35
35.1000000000000
35.1000000000000
35.2000000000000
35.1000000000000
35.1000000000000
35.1000000000000
35.1000000000000
35
35
35
34.9000000000000
34.9000000000000
34.9000000000000
34.9000000000000
34.8000000000000
34.8000000000000
34.8000000000000
34.7000000000000
34.7000000000000
34.6000000000000
34.6000000000000
34.6000000000000
34.5000000000000
34.5000000000000
34.4000000000000
34.4000000000000
34.4000000000000
34.3000000000000
34.3000000000000
34.2000000000000
34.1000000000000
34
33.9000000000000
33.9000000000000
33.8000000000000
33.7000000000000
33.6000000000000
33.5000000000000
33.4000000000000
33.3000000000000
33.2000000000000
33.1000000000000
32.9000000000000
32.7000000000000
32.5000000000000
32.3000000000000
32.1000000000000
31.9000000000000
31.7000000000000
31.5000000000000
31.3000000000000
31.1000000000000
30.9000000000000
30.7000000000000
30.5000000000000
30.3000000000000
30
29.7000000000000
29.4000000000000
29.1000000000000
28.8000000000000
28.5000000000000
28.3000000000000
28
27.7000000000000
27.4000000000000
27.1000000000000
26.8000000000000
26.5000000000000
26.1000000000000
25.7000000000000
25.3000000000000
24.9000000000000
24.5000000000000
24.1000000000000
23.7000000000000
23.3000000000000
22.9000000000000
22.5000000000000
22.1000000000000
21.8000000000000
21.5000000000000
21.3000000000000
21
20.7000000000000
20.4000000000000
20.1000000000000
19.9000000000000
19.6000000000000
19.3000000000000
19
18.8000000000000
18.5000000000000
18.2000000000000
17.9000000000000
17.6000000000000
17.3000000000000
17
16.7000000000000
16.4000000000000
16.1000000000000
15.8000000000000
15.5000000000000
15.3000000000000
15
14.7000000000000
14.4000000000000
14.2000000000000
14
13.8000000000000
13.6000000000000
13.4000000000000
13.2000000000000
13.1000000000000
12.9000000000000
12.7000000000000
12.5000000000000
12.3000000000000
12
12.2000000000000
12.3000000000000
12.5000000000000
12.6000000000000
12.8000000000000
12.9000000000000
13.1000000000000
13.3000000000000
13.4000000000000
13.6000000000000
13.7000000000000
13.9000000000000
14.1000000000000
14.2000000000000
14.4000000000000
14.5000000000000
14.7000000000000
14.8000000000000
15
15.1000000000000
15.3000000000000
15.4000000000000
15.6000000000000
15.8000000000000
15.9000000000000
16.1000000000000
16.2000000000000
16.4000000000000
16.5000000000000
16.7000000000000
16.8000000000000
17
17.2000000000000
17.3000000000000
17.5000000000000
17.6000000000000
17.8000000000000
18
18.1000000000000
18.3000000000000
18.5000000000000
18.7000000000000
18.9000000000000
19.2000000000000
19.4000000000000
19.6000000000000
19.8000000000000
20
20.2000000000000
20.4000000000000
20.7000000000000
20.8000000000000
20.9000000000000
21.1000000000000
21.2000000000000
21.3000000000000
21.5000000000000
21.6000000000000
21.7000000000000
21.9000000000000
22
22.1000000000000
22.3000000000000
22.4000000000000
22.5000000000000
22.6000000000000
22.7000000000000
22.8000000000000
22.9000000000000
23
23.1000000000000
23.2000000000000
23.2000000000000
23.3000000000000
23.4000000000000
23.5000000000000
23.6000000000000
23.7000000000000
23.7000000000000
23.8000000000000
23.8000000000000
23.9000000000000
23.9000000000000
23.9000000000000
24
24
24.1000000000000
24.1000000000000
24.1000000000000
24.2000000000000
24.2000000000000
24.3000000000000
24.3000000000000
24.4000000000000
24.5000000000000
24.5000000000000
24.6000000000000
24.7000000000000
24.7000000000000
24.8000000000000
24.8000000000000
24.9000000000000
25
25
25.1000000000000
25.1000000000000
25.1000000000000
25.2000000000000
25.2000000000000
25.2000000000000
25.2000000000000
25.3000000000000
25.3000000000000
25.3000000000000
25.4000000000000
25.4000000000000
25.4000000000000
25.5000000000000
25.6000000000000
25.7000000000000
25.8000000000000
25.9000000000000
26
26.1000000000000
26.2000000000000
26.3000000000000
26.4000000000000
26.5000000000000
26.7000000000000
26.8000000000000
26.9000000000000
27.2000000000000
27.4000000000000
27.7000000000000
28
28.2000000000000
28.5000000000000
28.7000000000000
29
29.2000000000000
29.5000000000000
29.8000000000000
30.1000000000000
30.4000000000000
30.7000000000000
31
31.3000000000000
31.6000000000000
31.9000000000000
32.2000000000000
32.5000000000000
32.8000000000000
33.2000000000000
33.5000000000000
33.8000000000000
34
34.2000000000000
34.4000000000000
34.6000000000000
34.8000000000000
35
35.3000000000000
35.5000000000000
35.7000000000000
35.9000000000000
36.1000000000000
36.3000000000000
36.5000000000000
36.7000000000000
36.8000000000000
37
37.1000000000000
37.3000000000000
37.4000000000000
37.6000000000000
37.7000000000000
37.8000000000000
38
38.1000000000000
38.3000000000000
38.4000000000000
38.4000000000000
38.4000000000000
38.5000000000000
38.5000000000000
38.5000000000000
38.5000000000000
38.5000000000000
38.5000000000000
38.5000000000000
38.6000000000000
38.6000000000000
38.6000000000000
38.6000000000000
38.6000000000000
38.7000000000000
38.7000000000000
38.7000000000000
38.7000000000000
38.8000000000000
38.8000000000000
38.8000000000000
38.8000000000000
38.9000000000000
38.9000000000000
38.9000000000000
38.9000000000000
38.9000000000000
38.9000000000000
38.9000000000000
38.9000000000000
38.9000000000000
38.9000000000000
38.9000000000000
38.9000000000000
38.8000000000000
38.8000000000000
38.8000000000000
38.8000000000000
38.8000000000000
38.7000000000000
38.6000000000000
38.5000000000000
38.4000000000000
38.3000000000000
38.2000000000000
38
37.9000000000000
37.8000000000000
37.7000000000000
37.6000000000000
37.5000000000000
37.5000000000000
37.4000000000000
37.4000000000000
37.4000000000000
37.3000000000000
37.3000000000000
37.3000000000000
37.2000000000000
37.2000000000000
37.1000000000000
37.1000000000000
37.1000000000000
37
37
37
37
37
37
37.1000000000000
37.1000000000000
37.1000000000000
37.1000000000000
37.1000000000000
37.1000000000000
37.1000000000000
37.1000000000000
37.1000000000000
37.2000000000000
37.3000000000000
37.3000000000000
37.4000000000000
37.4000000000000
37.5000000000000
37.6000000000000
37.6000000000000
37.7000000000000
37.7000000000000
37.8000000000000
37.8000000000000
38
38.1000000000000
38.2000000000000
38.3000000000000
38.5000000000000
38.6000000000000
38.7000000000000
38.8000000000000
39
39.1000000000000
39.2000000000000
39.3000000000000
39.5000000000000
39.6000000000000
39.8000000000000
39.9000000000000
40.1000000000000
40.2000000000000
40.4000000000000
40.6000000000000
40.7000000000000
40.9000000000000
41
41.2000000000000
41.3000000000000
41.5000000000000
41.6000000000000
41.8000000000000
41.9000000000000
42.1000000000000
42.2000000000000
42.4000000000000
42.5000000000000
42.7000000000000
42.8000000000000
43
43.1000000000000
43.3000000000000
43.4000000000000
43.6000000000000
43.8000000000000
43.9000000000000
44.1000000000000
44.2000000000000
44.4000000000000
44.6000000000000
44.7000000000000
44.9000000000000
45.1000000000000
45.2000000000000
45.4000000000000
45.5000000000000
45.6000000000000
45.7000000000000
45.8000000000000
45.9000000000000
46
46.1000000000000
46.2000000000000
46.3000000000000
46.4000000000000
46.5000000000000
46.6000000000000
46.7000000000000
46.7000000000000
46.8000000000000
46.9000000000000
46.9000000000000
47
47.1000000000000
47.1000000000000
47.2000000000000
47.3000000000000
47.3000000000000
47.4000000000000
47.4000000000000
47.5000000000000
47.6000000000000
47.6000000000000
47.6000000000000
47.6000000000000
47.6000000000000
47.6000000000000
47.6000000000000
47.5000000000000
47.5000000000000
47.5000000000000
47.5000000000000
47.5000000000000
47.5000000000000
47.5000000000000
47.4000000000000
47.4000000000000
47.3000000000000
47.3000000000000
47.2000000000000
47.2000000000000
47.1000000000000
47
47
46.9000000000000
46.9000000000000
46.8000000000000
46.7000000000000
46.6000000000000
46.5000000000000
46.3000000000000
46.2000000000000
46.1000000000000
45.9000000000000
45.8000000000000
45.7000000000000
45.5000000000000
45.4000000000000
45.3000000000000
45.1000000000000
45
44.9000000000000
44.7000000000000
44.6000000000000
44.4000000000000
44.3000000000000
44.2000000000000
44
43.9000000000000
43.7000000000000
43.6000000000000
43.5000000000000
43.3000000000000
43.2000000000000
43.2000000000000
43.2000000000000
43.2000000000000
43.2000000000000
43.2000000000000
43.2000000000000
43.2000000000000
43.2000000000000
43.2000000000000
43.2000000000000
43.2000000000000
43.2000000000000
43.2000000000000
43.3000000000000
43.4000000000000
43.5000000000000
43.5000000000000
43.6000000000000
43.7000000000000
43.8000000000000
43.8000000000000
43.9000000000000
44
44.1000000000000
44.1000000000000
44.3000000000000
44.4000000000000
44.5000000000000
44.7000000000000
44.8000000000000
44.9000000000000
45
45.2000000000000
45.3000000000000
45.4000000000000
45.6000000000000
45.7000000000000
45.8000000000000
45.8000000000000
45.8000000000000
45.9000000000000
45.9000000000000
45.9000000000000
46
46
46
46.1000000000000
46.1000000000000
46.1000000000000
46.1000000000000
46.2000000000000
46.2000000000000
46.2000000000000
46.2000000000000
46.2000000000000
46.2000000000000
46.2000000000000
46.2000000000000
46.2000000000000
46.2000000000000
46.2000000000000
46.2000000000000
46.3000000000000
46.3000000000000
46.2000000000000
46.2000000000000
46.1000000000000
46
46
45.9000000000000
45.9000000000000
45.8000000000000
45.8000000000000
45.7000000000000
45.7000000000000
45.6000000000000
45.5000000000000
45.5000000000000
45.4000000000000
45.4000000000000
45.3000000000000
45.3000000000000
45.2000000000000
45.2000000000000
45.1000000000000
45
45
44.9000000000000
44.9000000000000
44.8000000000000
44.8000000000000
44.7000000000000
44.7000000000000
44.6000000000000
44.6000000000000
44.5000000000000
44.4000000000000
44.4000000000000
44.3000000000000
44.3000000000000
44.2000000000000
44.2000000000000
44.2000000000000
44.2000000000000
44.2000000000000
44.2000000000000
44.2000000000000
44.2000000000000
44.2000000000000
44.2000000000000
44.2000000000000
44.2000000000000
44.2000000000000
44.2000000000000
44.2000000000000
44.2000000000000
44.3000000000000
44.3000000000000
44.4000000000000
44.4000000000000
44.4000000000000
44.5000000000000
44.5000000000000
44.6000000000000
44.6000000000000
44.7000000000000
44.7000000000000
44.8000000000000
44.8000000000000
44.8000000000000
44.9000000000000
44.9000000000000
44.9000000000000
45
45
45
45.1000000000000
45.1000000000000
45.1000000000000
45.1000000000000
45.2000000000000
45.2000000000000
45.2000000000000
45.3000000000000
45.3000000000000
45.3000000000000
45.4000000000000
45.4000000000000
45.4000000000000
45.5000000000000
45.5000000000000
45.5000000000000
45.5000000000000
45.6000000000000
45.6000000000000
45.5000000000000
45.5000000000000
45.5000000000000
45.4000000000000
45.4000000000000
45.3000000000000
45.3000000000000
45.3000000000000
45.2000000000000
45.2000000000000
45.2000000000000
45.1000000000000
45.1000000000000
45
45
45
44.9000000000000
44.9000000000000
44.9000000000000
44.8000000000000
44.8000000000000
44.7000000000000
44.7000000000000
44.7000000000000
44.6000000000000
44.6000000000000
44.5000000000000
44.5000000000000
44.5000000000000
44.4000000000000
44.4000000000000
44.4000000000000
44.2000000000000
44.1000000000000
44
43.8000000000000
43.7000000000000
43.6000000000000
43.4000000000000
43.3000000000000
43.2000000000000
43
42.9000000000000
42.8000000000000
42.6000000000000
42.5000000000000
42.4000000000000
42.2000000000000
42.1000000000000
41.9000000000000
41.8000000000000
41.7000000000000
41.5000000000000
41.4000000000000
41.2000000000000
41.1000000000000
40.9000000000000
40.8000000000000
40.7000000000000
40.6000000000000
40.5000000000000
40.4000000000000
40.2000000000000
40.1000000000000
40
39.9000000000000
39.8000000000000
39.7000000000000
39.5000000000000
39.4000000000000
39.4000000000000
39.4000000000000
39.4000000000000
39.4000000000000
39.4000000000000
39.4000000000000
39.4000000000000
39.4000000000000
39.4000000000000
39.4000000000000
39.4000000000000
39.4000000000000
39.4000000000000
39.5000000000000
39.6000000000000
39.7000000000000
39.8000000000000
39.9000000000000
40
40.1000000000000
40.2000000000000
40.2000000000000
40.3000000000000
40.4000000000000
40.5000000000000
40.6000000000000
40.7000000000000
40.8000000000000
40.9000000000000
41
41.1000000000000
41.2000000000000
41.3000000000000
41.4000000000000
41.5000000000000
41.6000000000000
41.7000000000000
41.8000000000000
41.9000000000000
42
42.1000000000000
42.2000000000000
42.3000000000000
42.4000000000000
42.5000000000000
42.6000000000000
42.7000000000000
42.8000000000000
42.9000000000000
43
43.1000000000000
43.2000000000000
43.2000000000000
43.3000000000000
43.3000000000000
43.4000000000000
43.4000000000000
43.5000000000000
43.5000000000000
43.6000000000000
43.6000000000000
43.7000000000000
43.7000000000000
43.8000000000000
43.8000000000000
43.9000000000000
43.9000000000000
44
44
44
44.1000000000000
44.1000000000000
44.2000000000000
44.2000000000000
44.2000000000000
44.3000000000000
44.3000000000000
44.4000000000000
44.4000000000000
44.4000000000000
44.4000000000000
44.4000000000000
44.4000000000000
44.4000000000000
44.4000000000000
44.5000000000000
44.5000000000000
44.5000000000000
44.5000000000000
44.5000000000000
44.4000000000000
44.4000000000000
44.3000000000000
44.3000000000000
44.2000000000000
44.2000000000000
44.1000000000000
44.1000000000000
44
44
43.9000000000000
43.9000000000000
43.8000000000000
43.8000000000000
43.7000000000000
43.6000000000000
43.5000000000000
43.5000000000000
43.4000000000000
43.3000000000000
43.3000000000000
43.2000000000000
43.1000000000000
43
43
42.9000000000000
42.8000000000000
42.9000000000000
43
43
43.1000000000000
43.1000000000000
43.2000000000000
43.3000000000000
43.3000000000000
43.4000000000000
43.4000000000000
43.5000000000000
43.6000000000000
43.6000000000000
43.6000000000000
43.5000000000000
43.5000000000000
43.4000000000000
43.3000000000000
43.3000000000000
43.2000000000000
43.1000000000000
43.1000000000000
43
42.9000000000000
42.9000000000000
42.8000000000000
42.8000000000000
42.9000000000000
42.9000000000000
42.9000000000000
42.9000000000000
42.9000000000000
42.9000000000000
42.9000000000000
43
43
43
43
43
43
43.1000000000000
43.1000000000000
43.1000000000000
43.1000000000000
43.1000000000000
43.1000000000000
43.1000000000000
43.2000000000000
43.2000000000000
43.2000000000000
43.2000000000000
43.2000000000000
43.2000000000000
43.1000000000000
43.1000000000000
43.1000000000000
43
43
42.9000000000000
42.9000000000000
42.8000000000000
42.8000000000000
42.8000000000000
42.8000000000000
42.8000000000000
42.8000000000000
42.9000000000000
42.9000000000000
42.9000000000000
43
43
43
43.1000000000000
43.1000000000000
43.1000000000000
43.2000000000000
43.2000000000000
43.3000000000000
43.3000000000000
43.4000000000000
43.4000000000000
43.5000000000000
43.5000000000000
43.6000000000000
43.6000000000000
43.7000000000000
43.7000000000000
43.8000000000000
43.8000000000000
43.9000000000000
43.8000000000000
43.7000000000000
43.7000000000000
43.6000000000000
43.5000000000000
43.5000000000000
43.4000000000000
43.3000000000000
43.3000000000000
43.2000000000000
43.1000000000000
43.1000000000000
43
43
43
42.9000000000000
42.9000000000000
42.9000000000000
42.8000000000000
42.8000000000000
42.8000000000000
42.7000000000000
42.7000000000000
42.7000000000000
42.7000000000000
42.6000000000000
42.7000000000000
42.7000000000000
42.7000000000000
42.8000000000000
42.8000000000000
42.8000000000000
42.8000000000000
42.9000000000000
42.9000000000000
42.9000000000000
42.9000000000000
43
43
43
43
43
43
42.9000000000000
42.9000000000000
42.9000000000000
42.9000000000000
42.9000000000000
42.9000000000000
42.9000000000000
42.9000000000000
42.8000000000000
42.8000000000000
42.8000000000000
42.7000000000000
42.7000000000000
42.7000000000000
42.6000000000000
42.6000000000000
42.6000000000000
42.5000000000000
42.5000000000000
42.5000000000000
42.4000000000000
42.4000000000000
42.3000000000000
42.2000000000000
42.2000000000000
42.1000000000000
42.1000000000000
42
42
41.9000000000000
41.9000000000000
41.8000000000000
41.8000000000000
41.7000000000000
41.7000000000000
41.6000000000000
41.6000000000000
41.6000000000000
41.5000000000000
41.5000000000000
41.5000000000000
41.5000000000000
41.4000000000000
41.4000000000000
41.4000000000000
41.3000000000000
41.3000000000000
41.3000000000000
41.2000000000000
41.1000000000000
41
40.9000000000000
40.8000000000000
40.7000000000000
40.5000000000000
40.4000000000000
40.3000000000000
40.2000000000000
40.1000000000000
40
39.9000000000000
39.8000000000000
39.8000000000000
39.7000000000000
39.6000000000000
39.5000000000000
39.4000000000000
39.3000000000000
39.2000000000000
39.1000000000000
39
38.9000000000000
38.8000000000000
38.7000000000000
38.6000000000000
38.5000000000000
38.4000000000000
38.3000000000000
38.2000000000000
38.1000000000000
37.9000000000000
37.8000000000000
37.7000000000000
37.6000000000000
37.5000000000000
37.4000000000000
37.3000000000000
37.2000000000000
37.1000000000000
37
36.9000000000000
36.8000000000000
36.8000000000000
36.7000000000000
36.6000000000000
36.5000000000000
36.4000000000000
36.3000000000000
36.3000000000000
36.2000000000000
36.2000000000000
36.1000000000000
36.1000000000000
36.1000000000000
36
36
36
35.9000000000000
35.9000000000000
35.9000000000000
35.8000000000000
35.8000000000000
35.9000000000000
35.9000000000000
35.9000000000000
35.9000000000000
35.9000000000000
35.9000000000000
35.9000000000000
35.9000000000000
35.9000000000000
35.9000000000000
35.9000000000000
36
35.9000000000000
35.9000000000000
35.8000000000000
35.7000000000000
35.7000000000000
35.6000000000000
35.6000000000000
35.5000000000000
35.4000000000000
35.4000000000000
35.3000000000000
35.2000000000000
35.2000000000000
35.1000000000000
35.1000000000000
35.1000000000000
35.1000000000000
35
35
35
34.9000000000000
34.9000000000000
34.9000000000000
34.9000000000000
34.8000000000000
34.8000000000000
34.8000000000000
34.8000000000000
34.7000000000000
34.7000000000000
34.7000000000000
34.6000000000000
34.6000000000000
34.6000000000000
34.6000000000000
34.5000000000000
34.5000000000000
34.5000000000000
34.5000000000000
34.4000000000000
34.4000000000000
34.3000000000000
34.3000000000000
34.2000000000000
34.2000000000000
34.1000000000000
34.1000000000000
34.1000000000000
34
34
33.9000000000000
33.9000000000000
33.8000000000000
33.8000000000000
33.7000000000000
33.7000000000000
33.6000000000000
33.5000000000000
33.5000000000000
33.4000000000000
33.3000000000000
33.3000000000000
33.2000000000000
33.2000000000000
33.1000000000000
33.1000000000000
33.2000000000000
33.3000000000000
33.3000000000000
33.4000000000000
33.5000000000000
33.6000000000000
33.6000000000000
33.7000000000000
33.8000000000000
33.9000000000000
33.9000000000000
34
34
34.1000000000000
34.2000000000000
34.2000000000000
34.3000000000000
34.3000000000000
34.4000000000000
34.4000000000000
34.5000000000000
34.6000000000000
34.6000000000000
34.7000000000000
34.7000000000000
34.8000000000000
34.9000000000000
34.9000000000000
35
35.1000000000000
35.1000000000000
35.2000000000000
35.3000000000000
35.4000000000000
35.4000000000000
35.5000000000000
35.6000000000000
35.6000000000000
35.6000000000000
35.6000000000000
35.6000000000000
35.6000000000000
35.6000000000000
35.6000000000000
35.6000000000000
35.6000000000000
35.6000000000000
35.6000000000000
35.6000000000000
35.6000000000000
35.6000000000000
35.5000000000000
35.5000000000000
35.4000000000000
35.4000000000000
35.3000000000000
35.3000000000000
35.2000000000000
35.2000000000000
35.1000000000000
35.1000000000000
35
35
34.9000000000000
34.9000000000000
34.9000000000000
34.9000000000000
34.8000000000000
34.8000000000000
34.8000000000000
34.8000000000000
34.7000000000000
34.7000000000000
34.7000000000000
34.7000000000000
34.6000000000000
34.6000000000000
34.6000000000000
34.6000000000000
34.6000000000000
34.6000000000000
34.5000000000000
34.5000000000000
34.5000000000000
34.5000000000000
34.5000000000000
34.5000000000000
34.5000000000000
34.4000000000000
34.4000000000000
34.4000000000000
34.4000000000000
34.5000000000000
34.5000000000000
34.5000000000000
34.5000000000000
34.5000000000000
34.5000000000000
34.5000000000000
34.5000000000000
34.5000000000000
34.5000000000000
34.6000000000000
34.6000000000000
34.6000000000000
34.7000000000000
34.7000000000000
34.7000000000000
34.8000000000000
34.8000000000000
34.9000000000000
34.9000000000000
34.9000000000000
35
35
35.1000000000000
35.2000000000000
35.3000000000000
35.4000000000000
35.5000000000000
35.6000000000000
35.7000000000000
35.8000000000000
35.9000000000000
36
36.1000000000000
36.2000000000000
36.3000000000000
36.4000000000000
36.4000000000000
36.5000000000000
36.5000000000000
36.6000000000000
36.6000000000000
36.7000000000000
36.8000000000000
36.8000000000000
36.9000000000000
36.9000000000000
37
37
37.1000000000000
37.1000000000000
37.1000000000000
37.1000000000000
37.1000000000000
37.1000000000000
37.1000000000000
37.1000000000000
37.1000000000000
37.1000000000000
37.1000000000000
37.1000000000000
37.1000000000000
37.1000000000000
37
37
36.9000000000000
36.8000000000000
36.8000000000000
36.7000000000000
36.7000000000000
36.6000000000000
36.6000000000000
36.5000000000000
36.5000000000000
36.4000000000000
36.4000000000000
36.4000000000000
36.3000000000000
36.3000000000000
36.3000000000000
36.3000000000000
36.3000000000000
36.2000000000000
36.2000000000000
36.2000000000000
36.2000000000000
36.2000000000000
36.2000000000000
36.1000000000000
36.1000000000000
36.1000000000000
36
36
36
36
35.9000000000000
35.9000000000000
35.9000000000000
35.9000000000000
35.8000000000000
35.8000000000000
35.8000000000000
35.8000000000000
35.8000000000000
35.7000000000000
35.7000000000000
35.7000000000000
35.7000000000000
35.7000000000000
35.6000000000000
35.6000000000000
35.6000000000000
35.6000000000000
35.5000000000000
35.5000000000000
35.4000000000000
35.3000000000000
35.3000000000000
35.2000000000000
35.2000000000000
35.1000000000000
35
35
34.9000000000000
34.9000000000000
34.8000000000000
34.8000000000000
34.8000000000000
34.8000000000000
34.8000000000000
34.7000000000000
34.7000000000000
34.7000000000000
34.7000000000000
34.7000000000000
34.7000000000000
34.7000000000000
34.6000000000000
34.6000000000000
34.6000000000000
34.6000000000000
34.6000000000000
34.6000000000000
34.7000000000000
34.7000000000000
34.7000000000000
34.7000000000000
34.7000000000000
34.7000000000000
34.7000000000000
34.7000000000000
34.7000000000000
34.7000000000000
34.7000000000000
34.7000000000000
34.7000000000000
34.7000000000000
34.7000000000000
34.7000000000000
34.7000000000000
34.7000000000000
34.6000000000000
34.6000000000000
34.6000000000000
34.6000000000000
34.6000000000000
34.7000000000000
34.7000000000000
34.7000000000000
34.7000000000000
34.7000000000000
34.7000000000000
34.7000000000000
34.8000000000000
34.8000000000000
34.8000000000000
34.8000000000000
34.8000000000000
34.8000000000000
34.9000000000000
34.9000000000000
35
35
35
35.1000000000000
35.1000000000000
35.1000000000000
35.2000000000000
35.2000000000000
35.2000000000000
35.3000000000000
35.4000000000000
35.4000000000000
35.5000000000000
35.5000000000000
35.6000000000000
35.6000000000000
35.7000000000000
35.7000000000000
35.8000000000000
35.8000000000000
35.9000000000000
35.9000000000000
36
36
36.1000000000000
36.1000000000000
36.2000000000000
36.3000000000000
36.3000000000000
36.4000000000000
36.4000000000000
36.5000000000000
36.5000000000000
36.6000000000000
36.7000000000000
36.7000000000000
36.7000000000000
36.7000000000000
36.8000000000000
36.8000000000000
36.8000000000000
36.8000000000000
36.8000000000000
36.8000000000000
36.8000000000000
36.8000000000000
36.8000000000000
36.8000000000000
36.9000000000000
36.8000000000000
36.7000000000000
36.7000000000000
36.6000000000000
36.6000000000000
36.5000000000000
36.5000000000000
36.4000000000000
36.4000000000000
36.3000000000000
36.3000000000000
36.2000000000000
36.1000000000000
36
35.8000000000000
35.6000000000000
35.4000000000000
35.3000000000000
35.1000000000000
34.9000000000000
34.7000000000000
34.6000000000000
34.4000000000000
34.2000000000000
34.1000000000000
33.9000000000000
33.8000000000000
33.7000000000000
33.6000000000000
33.5000000000000
33.4000000000000
33.3000000000000
33.2000000000000
33.1000000000000
33
32.9000000000000
32.8000000000000
32.7000000000000
32.6000000000000
32.5000000000000
32.4000000000000
32.3000000000000
32.2000000000000
32.1000000000000
32
31.9000000000000
31.8000000000000
31.7000000000000
31.6000000000000
31.5000000000000
31.4000000000000
31.4000000000000
31.4000000000000
31.4000000000000
31.3000000000000
31.3000000000000
31.3000000000000
31.3000000000000
31.2000000000000
31.2000000000000
31.2000000000000
31.2000000000000
31.1000000000000
31.1000000000000
31.1000000000000
31.2000000000000
31.2000000000000
31.2000000000000
31.2000000000000
31.2000000000000
31.3000000000000
31.3000000000000
31.3000000000000
31.3000000000000
31.3000000000000
31.4000000000000
31.4000000000000
31.4000000000000
31.5000000000000
31.5000000000000
31.5000000000000
31.5000000000000
31.6000000000000
31.6000000000000
31.6000000000000
31.7000000000000
31.7000000000000
31.7000000000000
31.7000000000000
31.8000000000000
31.8000000000000
31.9000000000000
31.9000000000000
32
32
32.1000000000000
32.1000000000000
32.1000000000000
32.2000000000000
32.2000000000000
32.3000000000000
32.3000000000000
32.4000000000000
32.4000000000000
32.5000000000000
32.5000000000000
32.5000000000000
32.6000000000000
32.6000000000000
32.7000000000000
32.7000000000000
32.7000000000000
32.8000000000000
32.8000000000000
32.9000000000000
32.9000000000000
32.9000000000000
32.9000000000000
32.9000000000000
33
33
33
33
33
33
33
33.1000000000000
33.1000000000000
33.1000000000000
33.1000000000000
33.1000000000000
33.1000000000000
33.1000000000000
33.1000000000000
33.1000000000000
33
33
33
33
33
33
33
32.9000000000000
32.8000000000000
32.7000000000000
32.5000000000000
32.4000000000000
32.3000000000000
32.2000000000000
32.1000000000000
31.9000000000000
31.8000000000000
31.7000000000000
31.6000000000000
31.4000000000000
31.3000000000000
31.1000000000000
31
30.8000000000000
30.7000000000000
30.5000000000000
30.4000000000000
30.2000000000000
30.1000000000000
29.9000000000000
29.8000000000000
29.6000000000000
29.6000000000000
29.5000000000000
29.4000000000000
29.4000000000000
29.3000000000000
29.2000000000000
29.2000000000000
29.1000000000000
29
28.9000000000000
28.9000000000000
28.8000000000000
28.7000000000000
28.6000000000000
28.5000000000000
28.4000000000000
28.2000000000000
28.1000000000000
28
27.9000000000000
27.7000000000000
27.6000000000000
27.5000000000000
27.4000000000000
27.2000000000000
27.1000000000000
26.9000000000000
26.8000000000000
26.6000000000000
26.5000000000000
26.3000000000000
26.1000000000000
26
25.8000000000000
25.7000000000000
25.5000000000000
25.3000000000000
25.2000000000000
25.1000000000000
25
25
25
25
24.9000000000000
24.9000000000000
24.9000000000000
24.8000000000000
24.8000000000000
24.8000000000000
24.8000000000000
24.7000000000000
24.7000000000000
24.6000000000000
24.5000000000000
24.4000000000000
24.3000000000000
24.2000000000000
24.2000000000000
24.1000000000000
24
23.9000000000000
23.8000000000000
23.7000000000000
23.6000000000000
23.5000000000000
23.5000000000000
23.5000000000000
23.5000000000000
23.4000000000000
23.4000000000000
23.4000000000000
23.4000000000000
23.4000000000000
23.3000000000000
23.3000000000000
23.3000000000000
23.3000000000000
23.3000000000000
23.3000000000000
23.3000000000000
23.3000000000000
23.3000000000000
23.3000000000000
23.2000000000000
23.2000000000000
23.2000000000000
23.2000000000000
23.2000000000000
23.2000000000000
23.2000000000000
23.1000000000000
23
22.8000000000000
22.7000000000000
22.6000000000000
22.4000000000000
22.3000000000000
22.2000000000000
22.1000000000000
21.9000000000000
21.8000000000000
21.7000000000000
21.5000000000000
21.3000000000000
21
20.8000000000000
20.6000000000000
20.3000000000000
20.1000000000000
19.9000000000000
19.6000000000000
19.4000000000000
19.2000000000000
18.9000000000000
18.7000000000000
18.5000000000000
18.2000000000000
18
17.7000000000000
17.4000000000000
17.2000000000000
16.9000000000000
16.6000000000000
16.4000000000000
16.1000000000000
15.9000000000000
15.6000000000000
15.3000000000000
15.1000000000000
14.9000000000000
14.7000000000000
14.5000000000000
14.3000000000000
14.1000000000000
13.9000000000000
13.7000000000000
13.5000000000000
13.3000000000000
13.1000000000000
12.9000000000000
12.7000000000000
12.5000000000000
12.3000000000000
12.1000000000000
11.9000000000000
11.6000000000000
11.4000000000000
11.2000000000000
11
10.8000000000000
10.6000000000000
10.3000000000000
10.1000000000000
9.90000000000000
9.70000000000000
9.40000000000000
9.10000000000000
8.80000000000000
8.50000000000000
8.20000000000000
7.90000000000000
7.60000000000000
7.30000000000000
7
6.70000000000000
6.40000000000000
6.20000000000000
5.90000000000000
5.70000000000000
5.50000000000000
5.30000000000000
5.10000000000000
4.90000000000000
4.60000000000000
4.40000000000000
4.20000000000000
4
3.80000000000000
3.60000000000000
3.30000000000000
3.20000000000000
3
2.80000000000000
2.70000000000000
2.50000000000000
2.40000000000000
2.20000000000000
2
1.90000000000000
1.70000000000000
1.60000000000000
1.40000000000000
1.20000000000000
1.10000000000000
1.10000000000000
1
0.900000000000000
0.800000000000000
0.800000000000000
0.700000000000000
0.600000000000000
0.600000000000000
0.500000000000000
0.400000000000000
0.300000000000000
0.300000000000000