0
0
0
0
0
0
0
0
0
0
0
0
0
0
0
0
0
0
0
0
0
0
0
0
0
0
0
0
0
0
0
0
0
0
0
0
0
0
0
0
0
0.200000000000000
0.400000000000000
0.600000000000000
0.900000000000000
1.10000000000000
1.30000000000000
1.50000000000000
1.80000000000000
2
2.20000000000000
2.40000000000000
2.70000000000000
2.90000000000000
3.10000000000000
3.30000000000000
3.60000000000000
3.80000000000000
4
4.20000000000000
4.40000000000000
4.60000000000000
4.90000000000000
5.10000000000000
5.30000000000000
5.50000000000000
5.70000000000000
5.90000000000000
6.10000000000000
6.40000000000000
6.60000000000000
6.80000000000000
7
7.20000000000000
7.40000000000000
7.60000000000000
7.80000000000000
8
8.20000000000000
8.40000000000000
8.60000000000000
8.80000000000000
9
9.20000000000000
9.40000000000000
9.60000000000000
9.90000000000000
10.1000000000000
10.3000000000000
10.5000000000000
10.6000000000000
10.8000000000000
11
11.2000000000000
11.4000000000000
11.6000000000000
11.8000000000000
12
12.2000000000000
12.4000000000000
12.6000000000000
12.8000000000000
13
13.2000000000000
13.4000000000000
13.6000000000000
13.8000000000000
14
14.1000000000000
14.3000000000000
14.5000000000000
14.7000000000000
14.9000000000000
15.1000000000000
15.3000000000000
15.5000000000000
15.6000000000000
15.8000000000000
16
16.2000000000000
16.4000000000000
16.6000000000000
16.7000000000000
16.9000000000000
17.1000000000000
17.3000000000000
17.5000000000000
17.6000000000000
17.8000000000000
18
18.2000000000000
18.4000000000000
18.5000000000000
18.7000000000000
18.9000000000000
19.1000000000000
19.2000000000000
19.4000000000000
19.6000000000000
19.8000000000000
19.9000000000000
20
20
20
20
20
20
20
20
20
20
20
20
20
20
20
20
20
20
20
20
20
20
20
20
20
20
20
20
20
20
20
20
20
20
20
20
20
20
20
20
20
20
20
20
20
20
20
20
20
20
20
20
20
20
20
20
20
20
20
20
20
20
20
20
20
20
20
20
20
20
20
20
20
20
20
20
20
20
20
20
20
20
20
20
20
20
20
20
20
20
20
20
20
20
20
20
20
20
20
20
20
20
20
20
20
20
20
20
20
20
20
20
20
20
20
20
20
20
20
20
20
20
20
20
20
20
20
20
20
20
20
20
20
20
20
20
20
20
20
20
20
20
20
20
20
20
20
20
20
20
20
20
20
20
20
20
20
20
20
20
20
20
20
20
20
20
20
20
20
20
20
20
20
20
20
20
20
20
20
20
20
20
20
20
20
19.5000000000000
19
18.6000000000000
18.1000000000000
17.6000000000000
17.2000000000000
16.7000000000000
16.3000000000000
15.8000000000000
15.3000000000000
14.9000000000000
14.4000000000000
13.9000000000000
13.5000000000000
13
12.6000000000000
12.1000000000000
11.6000000000000
11.2000000000000
10.7000000000000
10.2000000000000
9.80000000000000
9.30000000000000
8.90000000000000
8.40000000000000
7.90000000000000
7.50000000000000
7
6.50000000000000
6.10000000000000
5.60000000000000
5.20000000000000
4.70000000000000
4.20000000000000
3.80000000000000
3.30000000000000
2.80000000000000
2.40000000000000
1.90000000000000
1.50000000000000
1
0.500000000000000
0.300000000000000
0.100000000000000
0
0
0
0
0
0
0
0
0
0
0
0
0
0
0
0
0
0
0
0
0
0
0
0
0
0
0
0
0
0
0
0
0
0
0
0
0
0
0
0
0
0
0
0
0
0
0
0
0
0
0
0
0
0
0
0
0
0
0
0
0
0
0
0
0
0
0
0
0
0
0
0.200000000000000
0.400000000000000
0.600000000000000
0.900000000000000
1.10000000000000
1.30000000000000
1.50000000000000
1.80000000000000
2
2.20000000000000
2.40000000000000
2.70000000000000
2.90000000000000
3.10000000000000
3.30000000000000
3.60000000000000
3.80000000000000
4
4.20000000000000
4.40000000000000
4.60000000000000
4.90000000000000
5.10000000000000
5.30000000000000
5.50000000000000
5.70000000000000
5.90000000000000
6.10000000000000
6.40000000000000
6.60000000000000
6.80000000000000
7
7.20000000000000
7.40000000000000
7.60000000000000
7.80000000000000
8
8.20000000000000
8.40000000000000
8.60000000000000
8.80000000000000
9
9.20000000000000
9.40000000000000
9.60000000000000
9.90000000000000
10.1000000000000
10.3000000000000
10.5000000000000
10.6000000000000
10.8000000000000
11
11.2000000000000
11.4000000000000
11.6000000000000
11.8000000000000
12
12.2000000000000
12.4000000000000
12.6000000000000
12.8000000000000
13
13.2000000000000
13.4000000000000
13.6000000000000
13.8000000000000
14
14.1000000000000
14.3000000000000
14.5000000000000
14.7000000000000
14.9000000000000
15.1000000000000
15.3000000000000
15.5000000000000
15.6000000000000
15.8000000000000
16
16.2000000000000
16.4000000000000
16.6000000000000
16.7000000000000
16.9000000000000
17.1000000000000
17.3000000000000
17.5000000000000
17.6000000000000
17.8000000000000
18
18.2000000000000
18.4000000000000
18.5000000000000
18.7000000000000
18.9000000000000
19.1000000000000
19.2000000000000
19.4000000000000
19.6000000000000
19.8000000000000
19.9000000000000
20
20
20
20
20
20
20
20
20
20
20
20
20
20
20
20
20
20
20
20
20
20
20
20
20
20
20
20
20
20
20
20
20
20
20
20
20
20
20
20
20
20
20
20
20
20
20
20
20
20
20
20
20
20
20
20
20
20
20
20
20
20
20
20
20
20
20
20
20
20
20
20
20
20
20
20
20
20
20
20
20
20
20
20
20
20
20
20
20
20
20
20
20
20
20
20
20
20
20
20
20
20
20
20
20
20
20
20
20
20
20
20
20
20
20
20
20
20
20
20
20
20
20
20
20
20
20
20
20
20
20
20
20
20
20
20
20
20
20
20
20
20
20
20
20
20
20
20
20
20
20
20
20
20
20
20
20
20
20
20
20
20
20
20
20
20
20
20
20
20
20
20
20
20
20
20
20
20
20
20
20
20
20
20
20
19.5000000000000
19
18.6000000000000
18.1000000000000
17.6000000000000
17.2000000000000
16.7000000000000
16.3000000000000
15.8000000000000
15.3000000000000
14.9000000000000
14.4000000000000
13.9000000000000
13.5000000000000
13
12.6000000000000
12.1000000000000
11.6000000000000
11.2000000000000
10.7000000000000
10.2000000000000
9.80000000000000
9.30000000000000
8.90000000000000
8.40000000000000
7.90000000000000
7.50000000000000
7
6.50000000000000
6.10000000000000
5.60000000000000
5.20000000000000
4.70000000000000
4.20000000000000
3.80000000000000
3.30000000000000
2.80000000000000
2.40000000000000
1.90000000000000
1.50000000000000
1
0.500000000000000
0.300000000000000
0.100000000000000
0
0
0
0
0
0
0
0
0
0
0
0
0
0
0
0
0
0
0
0
0
0
0
0
0
0
0
0
0
0
0
0
0
0
0
0
0
0
0
0
0
0
0
0
0
0
0
0
0
0
0
0
0
0
0
0
0
0
0
0
0
0
0
0
0
0
0
0
0
0
0
0.200000000000000
0.400000000000000
0.600000000000000
0.900000000000000
1.10000000000000
1.30000000000000
1.50000000000000
1.80000000000000
2
2.20000000000000
2.40000000000000
2.70000000000000
2.90000000000000
3.10000000000000
3.30000000000000
3.60000000000000
3.80000000000000
4
4.20000000000000
4.40000000000000
4.60000000000000
4.90000000000000
5.10000000000000
5.30000000000000
5.50000000000000
5.70000000000000
5.90000000000000
6.10000000000000
6.40000000000000
6.60000000000000
6.80000000000000
7
7.20000000000000
7.40000000000000
7.60000000000000
7.80000000000000
8
8.20000000000000
8.40000000000000
8.60000000000000
8.80000000000000
9
9.20000000000000
9.40000000000000
9.60000000000000
9.90000000000000
10.1000000000000
10.3000000000000
10.5000000000000
10.6000000000000
10.8000000000000
11
11.2000000000000
11.4000000000000
11.6000000000000
11.8000000000000
12
12.2000000000000
12.4000000000000
12.6000000000000
12.8000000000000
13
13.2000000000000
13.4000000000000
13.6000000000000
13.8000000000000
14
14.1000000000000
14.3000000000000
14.5000000000000
14.7000000000000
14.9000000000000
15.1000000000000
15.3000000000000
15.5000000000000
15.6000000000000
15.8000000000000
16
16.2000000000000
16.4000000000000
16.6000000000000
16.7000000000000
16.9000000000000
17.1000000000000
17.3000000000000
17.5000000000000
17.6000000000000
17.8000000000000
18
18.2000000000000
18.4000000000000
18.5000000000000
18.7000000000000
18.9000000000000
19.1000000000000
19.2000000000000
19.4000000000000
19.6000000000000
19.8000000000000
19.9000000000000
20
20
20
20
20
20
20
20
20
20
20
20
20
20
20
20
20
20
20
20
20
20
20
20
20
20
20
20
20
20
20
20
20
20
20
20
20
20
20
20
20
20
20
20
20
20
20
20
20
20
20
20
20
20
20
20
20
20
20
20
20
20
20
20
20
20
20
20
20
20
20
20
20
20
20
20
20
20
20
20
20
20
20
20
20
20
20
20
20
20
20
20
20
20
20
20
20
20
20
20
20
20
20
20
20
20
20
20
20
20
20
20
20
20
20
20
20
20
20
20
20
20
20
20
20
20
20
20
20
20
20
20
20
20
20
20
20
20
20
20
20
20
20
20
20
20
20
20
20
20
20
20
20
20
20
20
20
20
20
20
20
20
20
20
20
20
20
20
20
20
20
20
20
20
20
20
20
20
20
20
20
20
20
20
20
19.5000000000000
19
18.6000000000000
18.1000000000000
17.6000000000000
17.2000000000000
16.7000000000000
16.3000000000000
15.8000000000000
15.3000000000000
14.9000000000000
14.4000000000000
13.9000000000000
13.5000000000000
13
12.6000000000000
12.1000000000000
11.6000000000000
11.2000000000000
10.7000000000000
10.2000000000000
9.80000000000000
9.30000000000000
8.90000000000000
8.40000000000000
7.90000000000000
7.50000000000000
7
6.50000000000000
6.10000000000000
5.60000000000000
5.20000000000000
4.70000000000000
4.20000000000000
3.80000000000000
3.30000000000000
2.80000000000000
2.40000000000000
1.90000000000000
1.50000000000000
1
0.500000000000000
0.300000000000000
0.100000000000000
0
0
0
0
0
0
0
0
0
0
0
0
0
0
0
0
0
0
0
0
0
0
0
0
0
0
0
0
0
0
0
0
0
0
0
0
0
0
0
0
0
0
0
0
0
0
0
0
0
0
0
0
0
0
0
0
0
0
0
0
0
0
0
0
0
0
0
0
0
0
0
0.200000000000000
0.400000000000000
0.600000000000000
0.900000000000000
1.10000000000000
1.30000000000000
1.50000000000000
1.80000000000000
2
2.20000000000000
2.40000000000000
2.70000000000000
2.90000000000000
3.10000000000000
3.30000000000000
3.60000000000000
3.80000000000000
4
4.20000000000000
4.40000000000000
4.60000000000000
4.90000000000000
5.10000000000000
5.30000000000000
5.50000000000000
5.70000000000000
5.90000000000000
6.10000000000000
6.40000000000000
6.60000000000000
6.80000000000000
7
7.20000000000000
7.40000000000000
7.60000000000000
7.80000000000000
8
8.20000000000000
8.40000000000000
8.60000000000000
8.80000000000000
9
9.20000000000000
9.40000000000000
9.60000000000000
9.90000000000000
10.1000000000000
10.3000000000000
10.5000000000000
10.6000000000000
10.8000000000000
11
11.2000000000000
11.4000000000000
11.6000000000000
11.8000000000000
12
12.2000000000000
12.4000000000000
12.6000000000000
12.8000000000000
13
13.2000000000000
13.4000000000000
13.6000000000000
13.8000000000000
14
14.1000000000000
14.3000000000000
14.5000000000000
14.7000000000000
14.9000000000000
15.1000000000000
15.3000000000000
15.5000000000000
15.6000000000000
15.8000000000000
16
16.2000000000000
16.4000000000000
16.6000000000000
16.7000000000000
16.9000000000000
17.1000000000000
17.3000000000000
17.5000000000000
17.6000000000000
17.8000000000000
18
18.2000000000000
18.4000000000000
18.5000000000000
18.7000000000000
18.9000000000000
19.1000000000000
19.2000000000000
19.4000000000000
19.6000000000000
19.8000000000000
19.9000000000000
20
20
20
20
20
20
20
20
20
20
20
20
20
20
20
20
20
20
20
20
20
20
20
20
20
20
20
20
20
20
20
20
20
20
20
20
20
20
20
20
20
20
20
20
20
20
20
20
20
20
20
20
20
20
20
20
20
20
20
20
20
20
20
20
20
20
20
20
20
20
20
20
20
20
20
20
20
20
20
20
20
20
20
20
20
20
20
20
20
20
20
20
20
20
20
20
20
20
20
20
20
20
20
20
20
20
20
20
20
20
20
20
20
20
20
20
20
20
20
20
20
20
20
20
20
20
20
20
20
20
20
20
20
20
20
20
20
20
20
20
20
20
20
20
20
20
20
20
20
20
20
20
20
20
20
20
20
20
20
20
20
20
20
20
20
20
20
20
20
20
20
20
20
20
20
20
20
20
20
20
20
20
20
20
20
19.5000000000000
19
18.6000000000000
18.1000000000000
17.6000000000000
17.2000000000000
16.7000000000000
16.3000000000000
15.8000000000000
15.3000000000000
14.9000000000000
14.4000000000000
13.9000000000000
13.5000000000000
13
12.6000000000000
12.1000000000000
11.6000000000000
11.2000000000000
10.7000000000000
10.2000000000000
9.80000000000000
9.30000000000000
8.90000000000000
8.40000000000000
7.90000000000000
7.50000000000000
7
6.50000000000000
6.10000000000000
5.60000000000000
5.20000000000000
4.70000000000000
4.20000000000000
3.80000000000000
3.30000000000000
2.80000000000000
2.40000000000000
1.90000000000000
1.50000000000000
1
0.500000000000000
0.300000000000000
0.100000000000000
0
0
0
0
0
0
0
0
0
0
0
0
0
0
0
0
0
0
0
0
0
0
0
0
0
0
0
0
0
0
0
0
0
0
0
0
0
0
0
0
0
0
0
0
0
0
0
0
0
0
0
0
0
0
0
0
0
0
0
0
0
0
0
0
0
0
0
0
0
0
0
0.200000000000000
0.400000000000000
0.600000000000000
0.900000000000000
1.10000000000000
1.30000000000000
1.50000000000000
1.80000000000000
2
2.20000000000000
2.40000000000000
2.70000000000000
2.90000000000000
3.10000000000000
3.30000000000000
3.60000000000000
3.80000000000000
4
4.20000000000000
4.40000000000000
4.60000000000000
4.90000000000000
5.10000000000000
5.30000000000000
5.50000000000000
5.70000000000000
5.90000000000000
6.10000000000000
6.40000000000000
6.60000000000000
6.80000000000000
7
7.20000000000000
7.40000000000000
7.60000000000000
7.80000000000000
8
8.20000000000000
8.40000000000000
8.60000000000000
8.80000000000000
9
9.20000000000000
9.40000000000000
9.60000000000000
9.90000000000000
10.1000000000000
10.3000000000000
10.5000000000000
10.6000000000000
10.8000000000000
11
11.2000000000000
11.4000000000000
11.6000000000000
11.8000000000000
12
12.2000000000000
12.4000000000000
12.6000000000000
12.8000000000000
13
13.2000000000000
13.4000000000000
13.6000000000000
13.8000000000000
14
14.1000000000000
14.3000000000000
14.5000000000000
14.7000000000000
14.9000000000000
15.1000000000000
15.3000000000000
15.5000000000000
15.6000000000000
15.8000000000000
16
16.2000000000000
16.4000000000000
16.6000000000000
16.7000000000000
16.9000000000000
17.1000000000000
17.3000000000000
17.5000000000000
17.6000000000000
17.8000000000000
18
18.2000000000000
18.4000000000000
18.5000000000000
18.7000000000000
18.9000000000000
19.1000000000000
19.2000000000000
19.4000000000000
19.6000000000000
19.8000000000000
19.9000000000000
20
20
20
20
20
20
20
20
20
20
20
20
20
20
20
20
20
20
20
20
20
20
20
20
20
20
20
20
20
20
20
20
20
20
20
20
20
20
20
20
20
20
20
20
20
20
20
20
20
20
20
20
20
20
20
20
20
20
20
20
20
20
20
20
20
20
20
20
20
20
20
20
20
20
20
20
20
20
20
20
20
20
20
20
20
20
20
20
20
20
20
20
20
20
20
20
20
20
20
20
20
20
20
20
20
20
20
20
20
20
20
20
20
20
20
20
20
20
20
20
20
20
20
20
20
20
20
20
20
20
20
20
20
20
20
20
20
20
20
20
20
20
20
20
20
20
20
20
20
20
20
20
20
20
20
20
20
20
20
20
20
20
20
20
20
20
20
20
20
20
20
20
20
20
20
20
20
20
20
20
20
20
20
20
20
19.5000000000000
19
18.6000000000000
18.1000000000000
17.6000000000000
17.2000000000000
16.7000000000000
16.3000000000000
15.8000000000000
15.3000000000000
14.9000000000000
14.4000000000000
13.9000000000000
13.5000000000000
13
12.6000000000000
12.1000000000000
11.6000000000000
11.2000000000000
10.7000000000000
10.2000000000000
9.80000000000000
9.30000000000000
8.90000000000000
8.40000000000000
7.90000000000000
7.50000000000000
7
6.50000000000000
6.10000000000000
5.60000000000000
5.20000000000000
4.70000000000000
4.20000000000000
3.80000000000000
3.30000000000000
2.80000000000000
2.40000000000000
1.90000000000000
1.50000000000000
1
0.500000000000000
0.300000000000000
0.100000000000000
0
0
0
0
0
0
0
0
0
0
0
0
0
0
0
0
0
0
0
0
0
0
0
0
0
0
0
0
0
0
0
0
0
0
0
0
0
0
0
0
0
0
0
0
0
0
0
0
0
0
0
0